## ROI	Slice	EdU	X	Y	Cy5	FociPerCell	Condition
1	1	892.998838367076	571.0	265.0	1222	1	Ctrl_H2O2
2	1	14539.13676731794	227.0	434.0	1122	1	Ctrl_H2O2
3	1	17512.063752370213	755.0	649.0	1030	1	Ctrl_H2O2
4	1	860.4955295112668	170.0	759.0	1369	2	Ctrl_H2O2
4	1	860.4955295112668	299.0	820.0	1887	2	Ctrl_H2O2
5	2	565.7843469832808	340.0	153.0	520	1	Ctrl_H2O2
6	2	18347.93613187656	613.0	228.0	2371	6	Ctrl_H2O2
6	2	18347.93613187656	636.0	189.0	3043	6	Ctrl_H2O2
6	2	18347.93613187656	682.0	129.0	2682	6	Ctrl_H2O2
6	2	18347.93613187656	698.0	249.0	1838	6	Ctrl_H2O2
6	2	18347.93613187656	714.0	172.0	2661	6	Ctrl_H2O2
6	2	18347.93613187656	744.0	167.0	1091	6	Ctrl_H2O2
7	2	16867.267024722234	355.0	295.0	2679	3	Ctrl_H2O2
7	2	16867.267024722234	379.0	384.0	2575	3	Ctrl_H2O2
7	2	16867.267024722234	449.0	253.0	2837	3	Ctrl_H2O2
8	2	540.0983289600883	34.0	409.0	466	1	Ctrl_H2O2
9	2	7091.904751629192	857.0	534.0	2099	4	Ctrl_H2O2
9	2	7091.904751629192	867.0	559.0	2467	4	Ctrl_H2O2
9	2	7091.904751629192	873.0	466.0	1554	4	Ctrl_H2O2
9	2	7091.904751629192	897.0	376.0	2479	4	Ctrl_H2O2
10	2	6281.072294191392	616.0	571.0	2054	2	Ctrl_H2O2
10	2	6281.072294191392	634.0	564.0	1730	2	Ctrl_H2O2
11	2	582.7377252584934	325.0	616.0	514	1	Ctrl_H2O2
12	2	6354.740012775785	433.0	818.0	2047	4	Ctrl_H2O2
12	2	6354.740012775785	459.0	854.0	2706	4	Ctrl_H2O2
12	2	6354.740012775785	495.0	776.0	1958	4	Ctrl_H2O2
12	2	6354.740012775785	525.0	804.0	2218	4	Ctrl_H2O2
13	3	12201.75677299385	226.0	295.0	1527	3	Ctrl_H2O2
13	3	12201.75677299385	278.0	256.0	1640	3	Ctrl_H2O2
13	3	12201.75677299385	315.0	240.0	1677	3	Ctrl_H2O2
14	3	12172.170514378291	42.0	277.0	2567	7	Ctrl_H2O2
14	3	12172.170514378291	97.0	275.0	2261	7	Ctrl_H2O2
14	3	12172.170514378291	121.0	198.0	1385	7	Ctrl_H2O2
14	3	12172.170514378291	130.0	309.0	1158	7	Ctrl_H2O2
14	3	12172.170514378291	134.0	263.0	2430	7	Ctrl_H2O2
14	3	12172.170514378291	136.0	173.0	2877	7	Ctrl_H2O2
14	3	12172.170514378291	148.0	263.0	3361	7	Ctrl_H2O2
15	3	18166.597401314164	516.0	500.0	2081	5	Ctrl_H2O2
15	3	18166.597401314164	543.0	501.0	2089	5	Ctrl_H2O2
15	3	18166.597401314164	545.0	387.0	1221	5	Ctrl_H2O2
15	3	18166.597401314164	581.0	417.0	2372	5	Ctrl_H2O2
15	3	18166.597401314164	592.0	453.0	2263	5	Ctrl_H2O2
16	3	662.9816269333242	695.0	469.0	2109	16	Ctrl_H2O2
16	3	662.9816269333242	703.0	524.0	2080	16	Ctrl_H2O2
16	3	662.9816269333242	714.0	555.0	2122	16	Ctrl_H2O2
16	3	662.9816269333242	720.0	502.0	2749	16	Ctrl_H2O2
16	3	662.9816269333242	729.0	516.0	2186	16	Ctrl_H2O2
16	3	662.9816269333242	748.0	513.0	2477	16	Ctrl_H2O2
16	3	662.9816269333242	750.0	444.0	2000	16	Ctrl_H2O2
16	3	662.9816269333242	754.0	557.0	2749	16	Ctrl_H2O2
16	3	662.9816269333242	764.0	495.0	2746	16	Ctrl_H2O2
16	3	662.9816269333242	766.0	479.0	2353	16	Ctrl_H2O2
16	3	662.9816269333242	772.0	531.0	2746	16	Ctrl_H2O2
16	3	662.9816269333242	779.0	566.0	2749	16	Ctrl_H2O2
16	3	662.9816269333242	805.0	510.0	2634	16	Ctrl_H2O2
16	3	662.9816269333242	817.0	531.0	2795	16	Ctrl_H2O2
16	3	662.9816269333242	826.0	476.0	2175	16	Ctrl_H2O2
16	3	662.9816269333242	859.0	582.0	2295	16	Ctrl_H2O2
17	3	15045.419806966009	295.0	580.0	1108	1	Ctrl_H2O2
18	3	680.4322496587666	332.0	878.0	2721	1	Ctrl_H2O2
19	3	685.8717555495917	809.0	890.0	1404	1	Ctrl_H2O2
20	4	9191.147580753852	426.0	495.0	1560	2	Ctrl_H2O2
20	4	9191.147580753852	487.0	386.0	2132	2	Ctrl_H2O2
21	4	9679.427252260846	923.0	544.0	1142	1	Ctrl_H2O2
22	4	641.3805006286433	711.0	555.0	1479	1	Ctrl_H2O2
23	4	693.5424272254254	72.0	657.0	3083	9	Ctrl_H2O2
23	4	693.5424272254254	81.0	646.0	2393	9	Ctrl_H2O2
23	4	693.5424272254254	113.0	578.0	2116	9	Ctrl_H2O2
23	4	693.5424272254254	118.0	645.0	1846	9	Ctrl_H2O2
23	4	693.5424272254254	163.0	576.0	2121	9	Ctrl_H2O2
23	4	693.5424272254254	165.0	588.0	3297	9	Ctrl_H2O2
23	4	693.5424272254254	166.0	669.0	2525	9	Ctrl_H2O2
23	4	693.5424272254254	170.0	546.0	1750	9	Ctrl_H2O2
23	4	693.5424272254254	189.0	665.0	1835	9	Ctrl_H2O2
24	4	640.1554897397926	469.0	678.0	1333	1	Ctrl_H2O2
25	4	612.6183854479856	624.0	858.0	653	1	Ctrl_H2O2
26	4	604.1997005988025	882.0	949.0	791	1	Ctrl_H2O2
27	4	585.1265604430523	166.0	917.0	728	1	Ctrl_H2O2
28	5	15911.86175887822	672.0	231.0	2269	9	Ctrl_H2O2
28	5	15911.86175887822	694.0	194.0	1988	9	Ctrl_H2O2
28	5	15911.86175887822	708.0	238.0	2119	9	Ctrl_H2O2
28	5	15911.86175887822	712.0	176.0	1888	9	Ctrl_H2O2
28	5	15911.86175887822	728.0	303.0	1821	9	Ctrl_H2O2
28	5	15911.86175887822	741.0	149.0	2773	9	Ctrl_H2O2
28	5	15911.86175887822	767.0	109.0	2722	9	Ctrl_H2O2
28	5	15911.86175887822	771.0	207.0	2607	9	Ctrl_H2O2
28	5	15911.86175887822	783.0	185.0	1933	9	Ctrl_H2O2
29	5	11308.416433566434	149.0	132.0	1010	1	Ctrl_H2O2
30	5	656.6423736462094	339.0	232.0	844	1	Ctrl_H2O2
31	5	15095.89278598705	571.0	304.0	2875	6	Ctrl_H2O2
31	5	15095.89278598705	587.0	264.0	2122	6	Ctrl_H2O2
31	5	15095.89278598705	602.0	316.0	1862	6	Ctrl_H2O2
31	5	15095.89278598705	628.0	325.0	2639	6	Ctrl_H2O2
31	5	15095.89278598705	641.0	349.0	2159	6	Ctrl_H2O2
31	5	15095.89278598705	649.0	298.0	1850	6	Ctrl_H2O2
32	5	622.6333126406456	113.0	382.0	529	1	Ctrl_H2O2
33	5	12318.71808606248	821.0	503.0	2877	14	Ctrl_H2O2
33	5	12318.71808606248	831.0	526.0	2123	14	Ctrl_H2O2
33	5	12318.71808606248	837.0	426.0	2439	14	Ctrl_H2O2
33	5	12318.71808606248	847.0	533.0	2069	14	Ctrl_H2O2
33	5	12318.71808606248	875.0	573.0	1970	14	Ctrl_H2O2
33	5	12318.71808606248	882.0	455.0	2757	14	Ctrl_H2O2
33	5	12318.71808606248	886.0	515.0	2013	14	Ctrl_H2O2
33	5	12318.71808606248	894.0	458.0	2526	14	Ctrl_H2O2
33	5	12318.71808606248	897.0	390.0	3079	14	Ctrl_H2O2
33	5	12318.71808606248	910.0	479.0	2545	14	Ctrl_H2O2
33	5	12318.71808606248	911.0	433.0	2159	14	Ctrl_H2O2
33	5	12318.71808606248	922.0	400.0	2254	14	Ctrl_H2O2
33	5	12318.71808606248	929.0	502.0	3077	14	Ctrl_H2O2
33	5	12318.71808606248	938.0	456.0	2951	14	Ctrl_H2O2
34	5	15585.638974549507	274.0	488.0	1799	5	Ctrl_H2O2
34	5	15585.638974549507	295.0	499.0	1906	5	Ctrl_H2O2
34	5	15585.638974549507	366.0	447.0	2231	5	Ctrl_H2O2
34	5	15585.638974549507	382.0	510.0	1951	5	Ctrl_H2O2
34	5	15585.638974549507	405.0	470.0	2231	5	Ctrl_H2O2
35	5	21617.354029566046	672.0	705.0	2736	2	Ctrl_H2O2
35	5	21617.354029566046	680.0	786.0	1608	2	Ctrl_H2O2
36	5	13618.623982183868	58.0	704.0	2154	7	Ctrl_H2O2
36	5	13618.623982183868	82.0	749.0	2069	7	Ctrl_H2O2
36	5	13618.623982183868	91.0	790.0	2955	7	Ctrl_H2O2
36	5	13618.623982183868	108.0	825.0	1803	7	Ctrl_H2O2
36	5	13618.623982183868	145.0	652.0	2200	7	Ctrl_H2O2
36	5	13618.623982183868	155.0	690.0	2035	7	Ctrl_H2O2
36	5	13618.623982183868	167.0	680.0	2725	7	Ctrl_H2O2
37	5	9540.109030123154	446.0	894.0	2242	20	Ctrl_H2O2
37	5	9540.109030123154	469.0	884.0	3397	20	Ctrl_H2O2
37	5	9540.109030123154	494.0	842.0	2230	20	Ctrl_H2O2
37	5	9540.109030123154	495.0	931.0	2651	20	Ctrl_H2O2
37	5	9540.109030123154	502.0	813.0	2633	20	Ctrl_H2O2
37	5	9540.109030123154	515.0	844.0	1049	20	Ctrl_H2O2
37	5	9540.109030123154	521.0	808.0	2450	20	Ctrl_H2O2
37	5	9540.109030123154	530.0	811.0	3182	20	Ctrl_H2O2
37	5	9540.109030123154	530.0	905.0	3330	20	Ctrl_H2O2
37	5	9540.109030123154	535.0	852.0	3329	20	Ctrl_H2O2
37	5	9540.109030123154	547.0	900.0	3328	20	Ctrl_H2O2
37	5	9540.109030123154	562.0	810.0	1942	20	Ctrl_H2O2
37	5	9540.109030123154	565.0	921.0	2395	20	Ctrl_H2O2
37	5	9540.109030123154	566.0	841.0	2336	20	Ctrl_H2O2
37	5	9540.109030123154	572.0	890.0	3278	20	Ctrl_H2O2
37	5	9540.109030123154	575.0	807.0	1853	20	Ctrl_H2O2
37	5	9540.109030123154	588.0	872.0	2680	20	Ctrl_H2O2
37	5	9540.109030123154	615.0	875.0	1525	20	Ctrl_H2O2
37	5	9540.109030123154	619.0	897.0	1202	20	Ctrl_H2O2
37	5	9540.109030123154	622.0	846.0	2711	20	Ctrl_H2O2
38	6	5372.300923243327	252.0	187.0	2743	8	Ctrl_H2O2
38	6	5372.300923243327	277.0	206.0	2709	8	Ctrl_H2O2
38	6	5372.300923243327	294.0	199.0	2906	8	Ctrl_H2O2
38	6	5372.300923243327	312.0	95.0	1787	8	Ctrl_H2O2
38	6	5372.300923243327	340.0	178.0	2393	8	Ctrl_H2O2
38	6	5372.300923243327	353.0	145.0	2069	8	Ctrl_H2O2
38	6	5372.300923243327	376.0	135.0	1869	8	Ctrl_H2O2
38	6	5372.300923243327	403.0	148.0	1981	8	Ctrl_H2O2
39	6	659.9787604247915	899.0	227.0	529	1	Ctrl_H2O2
40	6	725.2102145522388	674.0	408.0	1419	1	Ctrl_H2O2
41	6	9015.11151537202	378.0	411.0	1948	4	Ctrl_H2O2
41	6	9015.11151537202	381.0	463.0	2702	4	Ctrl_H2O2
41	6	9015.11151537202	428.0	521.0	2425	4	Ctrl_H2O2
41	6	9015.11151537202	440.0	550.0	2319	4	Ctrl_H2O2
42	6	8096.018560651419	291.0	617.0	1989	11	Ctrl_H2O2
42	6	8096.018560651419	305.0	584.0	1222	11	Ctrl_H2O2
42	6	8096.018560651419	323.0	551.0	2112	11	Ctrl_H2O2
42	6	8096.018560651419	327.0	747.0	1913	11	Ctrl_H2O2
42	6	8096.018560651419	331.0	586.0	2214	11	Ctrl_H2O2
42	6	8096.018560651419	334.0	681.0	2104	11	Ctrl_H2O2
42	6	8096.018560651419	347.0	749.0	2221	11	Ctrl_H2O2
42	6	8096.018560651419	358.0	696.0	2745	11	Ctrl_H2O2
42	6	8096.018560651419	366.0	702.0	2981	11	Ctrl_H2O2
42	6	8096.018560651419	375.0	641.0	1974	11	Ctrl_H2O2
42	6	8096.018560651419	388.0	664.0	1645	11	Ctrl_H2O2
43	6	593.4652124554005	662.0	618.0	529	1	Ctrl_H2O2
44	6	619.3915928291779	142.0	711.0	1302	1	Ctrl_H2O2
45	6	633.2747213659	840.0	810.0	1046	1	Ctrl_H2O2
46	6	718.7267899865788	617.0	928.0	881	1	Ctrl_H2O2
47	7	29303.719296489122	497.0	152.0	2308	3	Ctrl
47	7	29303.719296489122	578.0	101.0	3086	3	Ctrl
47	7	29303.719296489122	604.0	106.0	2157	3	Ctrl
48	7	18750.57395547423	98.0	323.0	2797	4	Ctrl
48	7	18750.57395547423	108.0	270.0	2076	4	Ctrl
48	7	18750.57395547423	166.0	217.0	2078	4	Ctrl
48	7	18750.57395547423	194.0	287.0	2068	4	Ctrl
49	7	12489.12037037037	521.0	408.0	1674	1	Ctrl
50	7	563.6950745641672	657.0	483.0	347	1	Ctrl
51	7	589.2690277671537	193.0	542.0	276	1	Ctrl
52	7	16592.88717143662	430.0	653.0	2224	4	Ctrl
52	7	16592.88717143662	454.0	633.0	3196	4	Ctrl
52	7	16592.88717143662	455.0	618.0	2774	4	Ctrl
52	7	16592.88717143662	499.0	676.0	3164	4	Ctrl
53	7	5546.766934383998	820.0	779.0	1640	1	Ctrl
54	7	10485.085987119697	487.0	840.0	3637	2	Ctrl
54	7	10485.085987119697	610.0	828.0	2325	2	Ctrl
55	8	39330.75615651911	660.0	59.0	2789	16	Ctrl
55	8	39330.75615651911	667.0	79.0	2367	16	Ctrl
55	8	39330.75615651911	674.0	70.0	2193	16	Ctrl
55	8	39330.75615651911	696.0	57.0	3416	16	Ctrl
55	8	39330.75615651911	703.0	36.0	2635	16	Ctrl
55	8	39330.75615651911	709.0	166.0	1765	16	Ctrl
55	8	39330.75615651911	710.0	96.0	2581	16	Ctrl
55	8	39330.75615651911	716.0	89.0	2660	16	Ctrl
55	8	39330.75615651911	722.0	134.0	2555	16	Ctrl
55	8	39330.75615651911	734.0	74.0	2121	16	Ctrl
55	8	39330.75615651911	742.0	57.0	2858	16	Ctrl
55	8	39330.75615651911	744.0	94.0	2033	16	Ctrl
55	8	39330.75615651911	753.0	83.0	2043	16	Ctrl
55	8	39330.75615651911	773.0	115.0	2372	16	Ctrl
55	8	39330.75615651911	790.0	175.0	1597	16	Ctrl
55	8	39330.75615651911	807.0	122.0	1690	16	Ctrl
56	8	29740.634545063454	153.0	497.0	3208	10	Ctrl
56	8	29740.634545063454	167.0	439.0	1762	10	Ctrl
56	8	29740.634545063454	169.0	482.0	2070	10	Ctrl
56	8	29740.634545063454	193.0	511.0	3426	10	Ctrl
56	8	29740.634545063454	214.0	449.0	2130	10	Ctrl
56	8	29740.634545063454	221.0	408.0	3313	10	Ctrl
56	8	29740.634545063454	240.0	440.0	2927	10	Ctrl
56	8	29740.634545063454	269.0	420.0	2490	10	Ctrl
56	8	29740.634545063454	277.0	447.0	2503	10	Ctrl
56	8	29740.634545063454	285.0	400.0	2160	10	Ctrl
57	8	47900.79750263277	804.0	416.0	3457	17	Ctrl
57	8	47900.79750263277	804.0	499.0	3354	17	Ctrl
57	8	47900.79750263277	817.0	402.0	3142	17	Ctrl
57	8	47900.79750263277	823.0	414.0	3460	17	Ctrl
57	8	47900.79750263277	825.0	478.0	3210	17	Ctrl
57	8	47900.79750263277	829.0	434.0	3351	17	Ctrl
57	8	47900.79750263277	838.0	470.0	3337	17	Ctrl
57	8	47900.79750263277	849.0	395.0	2095	17	Ctrl
57	8	47900.79750263277	849.0	518.0	2949	17	Ctrl
57	8	47900.79750263277	856.0	491.0	2831	17	Ctrl
57	8	47900.79750263277	858.0	426.0	2002	17	Ctrl
57	8	47900.79750263277	868.0	531.0	2993	17	Ctrl
57	8	47900.79750263277	879.0	461.0	3338	17	Ctrl
57	8	47900.79750263277	881.0	486.0	2557	17	Ctrl
57	8	47900.79750263277	897.0	475.0	2569	17	Ctrl
57	8	47900.79750263277	901.0	512.0	2640	17	Ctrl
57	8	47900.79750263277	917.0	506.0	1684	17	Ctrl
58	8	25284.222785797894	517.0	472.0	2471	16	Ctrl
58	8	25284.222785797894	517.0	537.0	2308	16	Ctrl
58	8	25284.222785797894	524.0	483.0	2271	16	Ctrl
58	8	25284.222785797894	545.0	503.0	2452	16	Ctrl
58	8	25284.222785797894	564.0	475.0	3352	16	Ctrl
58	8	25284.222785797894	578.0	517.0	2245	16	Ctrl
58	8	25284.222785797894	603.0	454.0	2722	16	Ctrl
58	8	25284.222785797894	609.0	561.0	1740	16	Ctrl
58	8	25284.222785797894	613.0	527.0	2505	16	Ctrl
58	8	25284.222785797894	620.0	427.0	2099	16	Ctrl
58	8	25284.222785797894	620.0	465.0	3353	16	Ctrl
58	8	25284.222785797894	629.0	491.0	3352	16	Ctrl
58	8	25284.222785797894	650.0	539.0	1451	16	Ctrl
58	8	25284.222785797894	662.0	484.0	1959	16	Ctrl
58	8	25284.222785797894	669.0	466.0	2474	16	Ctrl
58	8	25284.222785797894	680.0	517.0	1842	16	Ctrl
59	8	25918.75241171404	357.0	765.0	2975	19	Ctrl
59	8	25918.75241171404	377.0	710.0	1836	19	Ctrl
59	8	25918.75241171404	377.0	771.0	1910	19	Ctrl
59	8	25918.75241171404	382.0	673.0	3260	19	Ctrl
59	8	25918.75241171404	384.0	747.0	1726	19	Ctrl
59	8	25918.75241171404	401.0	770.0	2098	19	Ctrl
59	8	25918.75241171404	409.0	723.0	3246	19	Ctrl
59	8	25918.75241171404	411.0	689.0	2406	19	Ctrl
59	8	25918.75241171404	413.0	710.0	2066	19	Ctrl
59	8	25918.75241171404	417.0	665.0	2590	19	Ctrl
59	8	25918.75241171404	427.0	780.0	1820	19	Ctrl
59	8	25918.75241171404	433.0	738.0	3248	19	Ctrl
59	8	25918.75241171404	435.0	693.0	2109	19	Ctrl
59	8	25918.75241171404	442.0	701.0	2846	19	Ctrl
59	8	25918.75241171404	445.0	713.0	2607	19	Ctrl
59	8	25918.75241171404	446.0	657.0	1692	19	Ctrl
59	8	25918.75241171404	455.0	743.0	1261	19	Ctrl
59	8	25918.75241171404	472.0	739.0	1761	19	Ctrl
59	8	25918.75241171404	503.0	687.0	2711	19	Ctrl
60	8	43949.25540128261	735.0	767.0	3427	12	Ctrl
60	8	43949.25540128261	750.0	801.0	1951	12	Ctrl
60	8	43949.25540128261	764.0	798.0	1724	12	Ctrl
60	8	43949.25540128261	765.0	729.0	2543	12	Ctrl
60	8	43949.25540128261	765.0	776.0	2179	12	Ctrl
60	8	43949.25540128261	774.0	702.0	2306	12	Ctrl
60	8	43949.25540128261	783.0	745.0	2191	12	Ctrl
60	8	43949.25540128261	785.0	723.0	3349	12	Ctrl
60	8	43949.25540128261	790.0	694.0	2680	12	Ctrl
60	8	43949.25540128261	800.0	705.0	3401	12	Ctrl
60	8	43949.25540128261	811.0	703.0	2595	12	Ctrl
60	8	43949.25540128261	836.0	724.0	2833	12	Ctrl
61	8	836.4783540318349	284.0	811.0	1	2	Ctrl
61	8	836.4783540318349	293.0	895.0	429	2	Ctrl
62	9	575.2337447512406	249.0	113.0	444	1	Ctrl
63	9	592.7916712814265	297.0	421.0	6	4	Ctrl
63	9	592.7916712814265	414.0	348.0	234	4	Ctrl
63	9	592.7916712814265	418.0	285.0	5	4	Ctrl
63	9	592.7916712814265	431.0	271.0	9	4	Ctrl
64	9	25094.04126874165	824.0	376.0	2829	2	Ctrl
64	9	25094.04126874165	886.0	443.0	2228	2	Ctrl
65	9	587.4047402619263	677.0	495.0	487	1	Ctrl
66	9	577.2586518003824	501.0	845.0	388	1	Ctrl
67	9	595.0983614232209	670.0	807.0	282	1	Ctrl
68	10	20097.266967210227	852.0	236.0	1653	13	Ctrl
68	10	20097.266967210227	854.0	149.0	2464	13	Ctrl
68	10	20097.266967210227	862.0	290.0	1086	13	Ctrl
68	10	20097.266967210227	863.0	158.0	1745	13	Ctrl
68	10	20097.266967210227	870.0	190.0	1153	13	Ctrl
68	10	20097.266967210227	888.0	231.0	2425	13	Ctrl
68	10	20097.266967210227	907.0	173.0	2263	13	Ctrl
68	10	20097.266967210227	912.0	153.0	2264	13	Ctrl
68	10	20097.266967210227	912.0	301.0	2074	13	Ctrl
68	10	20097.266967210227	916.0	249.0	2837	13	Ctrl
68	10	20097.266967210227	928.0	295.0	2048	13	Ctrl
68	10	20097.266967210227	928.0	310.0	2382	13	Ctrl
68	10	20097.266967210227	955.0	227.0	2124	13	Ctrl
69	10	607.3268356607559	689.0	239.0	225	1	Ctrl
70	10	12018.840645130955	238.0	342.0	2556	9	Ctrl
70	10	12018.840645130955	238.0	368.0	3031	9	Ctrl
70	10	12018.840645130955	242.0	317.0	1983	9	Ctrl
70	10	12018.840645130955	258.0	343.0	2023	9	Ctrl
70	10	12018.840645130955	274.0	335.0	2230	9	Ctrl
70	10	12018.840645130955	286.0	292.0	3397	9	Ctrl
70	10	12018.840645130955	293.0	291.0	2925	9	Ctrl
70	10	12018.840645130955	311.0	329.0	3395	9	Ctrl
70	10	12018.840645130955	347.0	324.0	2163	9	Ctrl
71	10	575.394970867832	515.0	320.0	340	1	Ctrl
72	10	602.9197673578499	821.0	506.0	446	2	Ctrl
72	10	602.9197673578499	832.0	547.0	23	2	Ctrl
73	10	587.9849052384413	134.0	728.0	789	1	Ctrl
74	10	5319.356047780286	885.0	736.0	2051	1	Ctrl
75	10	8976.727962948902	523.0	840.0	2481	6	Ctrl
75	10	8976.727962948902	558.0	884.0	1696	6	Ctrl
75	10	8976.727962948902	574.0	840.0	3393	6	Ctrl
75	10	8976.727962948902	575.0	897.0	1881	6	Ctrl
75	10	8976.727962948902	598.0	819.0	2706	6	Ctrl
75	10	8976.727962948902	617.0	834.0	1839	6	Ctrl
76	11	27630.16458655541	304.0	103.0	1543	11	Ctrl
76	11	27630.16458655541	310.0	214.0	1634	11	Ctrl
76	11	27630.16458655541	313.0	64.0	2218	11	Ctrl
76	11	27630.16458655541	339.0	244.0	2705	11	Ctrl
76	11	27630.16458655541	353.0	122.0	2643	11	Ctrl
76	11	27630.16458655541	353.0	175.0	2131	11	Ctrl
76	11	27630.16458655541	361.0	236.0	2885	11	Ctrl
76	11	27630.16458655541	375.0	193.0	2425	11	Ctrl
76	11	27630.16458655541	404.0	222.0	2186	11	Ctrl
76	11	27630.16458655541	406.0	88.0	2245	11	Ctrl
76	11	27630.16458655541	417.0	208.0	2882	11	Ctrl
77	11	4090.038520106029	854.0	331.0	1903	2	Ctrl
77	11	4090.038520106029	860.0	365.0	1881	2	Ctrl
78	11	2820.390796201607	285.0	447.0	2258	2	Ctrl
78	11	2820.390796201607	289.0	403.0	1891	2	Ctrl
79	11	10969.044784221478	565.0	396.0	3036	2	Ctrl
79	11	10969.044784221478	565.0	441.0	2332	2	Ctrl
80	11	5832.555141466382	291.0	593.0	3077	1	Ctrl
81	11	13771.119382022473	741.0	713.0	2702	1	Ctrl
82	11	10556.866706095443	296.0	987.0	1352	1	Ctrl
83	11	13442.869838511857	638.0	920.0	3043	7	Ctrl
83	11	13442.869838511857	641.0	852.0	1732	7	Ctrl
83	11	13442.869838511857	661.0	944.0	3004	7	Ctrl
83	11	13442.869838511857	671.0	952.0	2364	7	Ctrl
83	11	13442.869838511857	692.0	905.0	3041	7	Ctrl
83	11	13442.869838511857	732.0	950.0	2638	7	Ctrl
83	11	13442.869838511857	737.0	902.0	2155	7	Ctrl
84	12	20245.57790397522	550.0	284.0	949	7	Ctrl
84	12	20245.57790397522	553.0	268.0	1822	7	Ctrl
84	12	20245.57790397522	581.0	254.0	2163	7	Ctrl
84	12	20245.57790397522	593.0	189.0	1739	7	Ctrl
84	12	20245.57790397522	609.0	241.0	2243	7	Ctrl
84	12	20245.57790397522	616.0	271.0	1920	7	Ctrl
84	12	20245.57790397522	618.0	296.0	2271	7	Ctrl
85	12	21281.086918489065	216.0	205.0	3308	4	Ctrl
85	12	21281.086918489065	262.0	235.0	2271	4	Ctrl
85	12	21281.086918489065	298.0	159.0	1618	4	Ctrl
85	12	21281.086918489065	342.0	277.0	1717	4	Ctrl
86	12	22496.5956585177	678.0	617.0	1738	3	Ctrl
86	12	22496.5956585177	725.0	582.0	1963	3	Ctrl
86	12	22496.5956585177	743.0	577.0	1799	3	Ctrl
87	12	574.636303630363	374.0	528.0	382	1	Ctrl
88	12	597.758723341955	326.0	799.0	412	1	Ctrl
89	12	24543.783474220818	804.0	724.0	2532	11	Ctrl
89	12	24543.783474220818	828.0	758.0	3227	11	Ctrl
89	12	24543.783474220818	848.0	804.0	3109	11	Ctrl
89	12	24543.783474220818	864.0	702.0	2464	11	Ctrl
89	12	24543.783474220818	876.0	777.0	2936	11	Ctrl
89	12	24543.783474220818	878.0	861.0	3348	11	Ctrl
89	12	24543.783474220818	880.0	801.0	2253	11	Ctrl
89	12	24543.783474220818	887.0	832.0	3028	11	Ctrl
89	12	24543.783474220818	902.0	691.0	2721	11	Ctrl
89	12	24543.783474220818	955.0	785.0	3009	11	Ctrl
89	12	24543.783474220818	969.0	828.0	1654	11	Ctrl
90	13	682.7830537799779	766.0	241.0	499	1	shSTN1_H2O2
91	13	737.3324698300373	333.0	150.0	873	1	shSTN1_H2O2
92	13	741.2157067222846	593.0	492.0	414	1	shSTN1_H2O2
93	13	17969.597021016118	244.0	599.0	955	1	shSTN1_H2O2
94	13	754.3611641922681	694.0	609.0	555	1	shSTN1_H2O2
95	13	12345.864939082128	608.0	842.0	657	1	shSTN1_H2O2
96	13	753.1745265841223	899.0	783.0	935	1	shSTN1_H2O2
97	13	11905.597503968955	275.0	767.0	843	1	shSTN1_H2O2
98	13	775.5633670791151	844.0	953.0	848	1	shSTN1_H2O2
99	14	6008.799471702355	138.0	333.0	507	1	shSTN1_H2O2
100	14	707.602508650519	390.0	356.0	645	1	shSTN1_H2O2
101	14	5888.329286505757	880.0	329.0	583	1	shSTN1_H2O2
102	14	4171.210375592025	101.0	524.0	557	1	shSTN1_H2O2
103	14	758.8316942465108	815.0	529.0	485	1	shSTN1_H2O2
104	14	14921.54021875356	562.0	526.0	732	1	shSTN1_H2O2
105	14	3615.4256966819285	46.0	708.0	2	2	shSTN1_H2O2
105	14	3615.4256966819285	59.0	602.0	540	2	shSTN1_H2O2
106	14	17736.83869047619	475.0	692.0	695	1	shSTN1_H2O2
107	14	729.0300969355848	665.0	657.0	524	1	shSTN1_H2O2
108	14	751.2776094007551	862.0	745.0	775	1	shSTN1_H2O2
109	14	20140.235619147326	629.0	864.0	831	1	shSTN1_H2O2
110	15	567.2104122943606	402.0	187.0	679	2	shSTN1_H2O2
110	15	567.2104122943606	470.0	270.0	13	2	shSTN1_H2O2
111	15	568.3435953504431	576.0	305.0	672	1	shSTN1_H2O2
112	15	559.3547395664833	100.0	440.0	512	1	shSTN1_H2O2
113	15	545.9435853554183	285.0	513.0	378	1	shSTN1_H2O2
114	15	7975.485730999039	611.0	534.0	711	1	shSTN1_H2O2
115	15	647.5391497045306	244.0	809.0	552	1	shSTN1_H2O2
116	16	9937.254787450767	562.0	101.0	720	1	shSTN1_H2O2
117	16	762.2124190680667	949.0	155.0	543	1	shSTN1_H2O2
118	16	614.9890910571091	347.0	202.0	514	1	shSTN1_H2O2
119	16	607.6950579333176	525.0	275.0	390	1	shSTN1_H2O2
120	16	11382.251114761793	778.0	509.0	662	1	shSTN1_H2O2
121	16	720.6277655770732	25.0	461.0	614	1	shSTN1_H2O2
122	16	18564.853175448312	776.0	628.0	882	1	shSTN1_H2O2
123	16	12998.786625665503	496.0	666.0	685	1	shSTN1_H2O2
124	17	764.3392043729123	356.0	136.0	640	1	shSTN1_H2O2
125	17	9659.398060954678	537.0	251.0	709	1	shSTN1_H2O2
126	17	15274.373321764544	367.0	403.0	486	1	shSTN1_H2O2
127	17	13616.188508625486	712.0	470.0	748	1	shSTN1_H2O2
128	17	10828.553835125447	479.0	699.0	660	1	shSTN1_H2O2
129	17	19646.50398106305	174.0	910.0	508	1	shSTN1_H2O2
130	17	15743.685365089314	505.0	920.0	588	1	shSTN1_H2O2
131	17	18957.213872142303	694.0	828.0	756	1	shSTN1_H2O2
132	18	12039.488101240295	516.0	180.0	387	1	shSTN1_H2O2
133	18	639.9786052744938	291.0	99.0	525	1	shSTN1_H2O2
134	18	722.7545616018085	107.0	175.0	656	1	shSTN1_H2O2
135	18	9134.42431631287	392.0	312.0	401	1	shSTN1_H2O2
136	18	13358.760576831248	829.0	392.0	554	1	shSTN1_H2O2
137	18	1360.746278317152	519.0	522.0	388	1	shSTN1_H2O2
138	18	696.9860869565217	195.0	418.0	423	1	shSTN1_H2O2
139	18	18130.391134544036	143.0	551.0	702	1	shSTN1_H2O2
140	18	10484.487204472025	397.0	612.0	459	1	shSTN1_H2O2
141	18	5906.750466571522	554.0	646.0	389	1	shSTN1_H2O2
142	18	801.3797621447288	907.0	821.0	502	1	shSTN1_H2O2
143	19	521.0023521110196	374.0	208.0	612	1	shSTN1
144	19	17373.148678928206	811.0	180.0	2272	6	shSTN1
144	19	17373.148678928206	822.0	200.0	2410	6	shSTN1
144	19	17373.148678928206	838.0	257.0	3389	6	shSTN1
144	19	17373.148678928206	866.0	182.0	1992	6	shSTN1
144	19	17373.148678928206	912.0	163.0	2936	6	shSTN1
144	19	17373.148678928206	912.0	244.0	1900	6	shSTN1
145	19	25035.146225262644	54.0	360.0	2325	7	shSTN1
145	19	25035.146225262644	70.0	363.0	2498	7	shSTN1
145	19	25035.146225262644	80.0	396.0	3339	7	shSTN1
145	19	25035.146225262644	110.0	285.0	2604	7	shSTN1
145	19	25035.146225262644	123.0	284.0	3213	7	shSTN1
145	19	25035.146225262644	128.0	292.0	2943	7	shSTN1
145	19	25035.146225262644	166.0	301.0	2198	7	shSTN1
146	19	22321.236751177923	436.0	308.0	3130	13	shSTN1
146	19	22321.236751177923	457.0	328.0	2109	13	shSTN1
146	19	22321.236751177923	464.0	383.0	1720	13	shSTN1
146	19	22321.236751177923	468.0	295.0	2330	13	shSTN1
146	19	22321.236751177923	474.0	284.0	2138	13	shSTN1
146	19	22321.236751177923	485.0	338.0	2910	13	shSTN1
146	19	22321.236751177923	507.0	316.0	3164	13	shSTN1
146	19	22321.236751177923	518.0	279.0	3166	13	shSTN1
146	19	22321.236751177923	531.0	339.0	3169	13	shSTN1
146	19	22321.236751177923	565.0	297.0	3320	13	shSTN1
146	19	22321.236751177923	591.0	285.0	2364	13	shSTN1
146	19	22321.236751177923	599.0	296.0	2930	13	shSTN1
146	19	22321.236751177923	610.0	303.0	2999	13	shSTN1
147	19	558.6075085324233	618.0	505.0	562	1	shSTN1
148	19	864.9236713665944	174.0	626.0	787	1	shSTN1
149	19	561.8880696719283	909.0	826.0	547	1	shSTN1
150	19	560.9903604134312	310.0	813.0	792	1	shSTN1
151	19	909.126617375231	73.0	838.0	908	1	shSTN1
152	20	541.1683418496266	689.0	158.0	618	1	shSTN1
153	20	3807.994437430961	350.0	115.0	1938	3	shSTN1
153	20	3807.994437430961	388.0	101.0	1170	3	shSTN1
153	20	3807.994437430961	472.0	207.0	2675	3	shSTN1
154	20	12893.940973033603	59.0	345.0	1680	2	shSTN1
154	20	12893.940973033603	82.0	376.0	2794	2	shSTN1
155	20	5944.244198416138	444.0	353.0	1702	6	shSTN1
155	20	5944.244198416138	453.0	439.0	1962	6	shSTN1
155	20	5944.244198416138	466.0	399.0	1972	6	shSTN1
155	20	5944.244198416138	501.0	476.0	2609	6	shSTN1
155	20	5944.244198416138	506.0	431.0	1545	6	shSTN1
155	20	5944.244198416138	520.0	381.0	2459	6	shSTN1
156	20	13657.982908196296	849.0	446.0	2032	7	shSTN1
156	20	13657.982908196296	889.0	490.0	3160	7	shSTN1
156	20	13657.982908196296	900.0	558.0	3167	7	shSTN1
156	20	13657.982908196296	940.0	504.0	3161	7	shSTN1
156	20	13657.982908196296	941.0	548.0	2408	7	shSTN1
156	20	13657.982908196296	970.0	512.0	3233	7	shSTN1
156	20	13657.982908196296	973.0	497.0	2387	7	shSTN1
157	20	7793.223391046424	562.0	646.0	3071	4	shSTN1
157	20	7793.223391046424	590.0	707.0	3027	4	shSTN1
157	20	7793.223391046424	644.0	627.0	3229	4	shSTN1
157	20	7793.223391046424	680.0	638.0	2322	4	shSTN1
158	20	20973.707088607596	106.0	821.0	2899	10	shSTN1
158	20	20973.707088607596	118.0	870.0	2899	10	shSTN1
158	20	20973.707088607596	143.0	889.0	2767	10	shSTN1
158	20	20973.707088607596	154.0	816.0	2901	10	shSTN1
158	20	20973.707088607596	161.0	880.0	1897	10	shSTN1
158	20	20973.707088607596	168.0	825.0	2903	10	shSTN1
158	20	20973.707088607596	172.0	864.0	2629	10	shSTN1
158	20	20973.707088607596	176.0	781.0	2786	10	shSTN1
158	20	20973.707088607596	180.0	796.0	2284	10	shSTN1
158	20	20973.707088607596	207.0	827.0	2552	10	shSTN1
159	20	2536.307365271818	323.0	951.0	2274	6	shSTN1
159	20	2536.307365271818	380.0	948.0	1348	6	shSTN1
159	20	2536.307365271818	405.0	851.0	2798	6	shSTN1
159	20	2536.307365271818	424.0	920.0	2478	6	shSTN1
159	20	2536.307365271818	452.0	874.0	2667	6	shSTN1
159	20	2536.307365271818	452.0	899.0	3398	6	shSTN1
160	21	499.0184966951888	273.0	115.0	671	1	shSTN1
161	21	523.6429082774049	715.0	221.0	593	2	shSTN1
161	21	523.6429082774049	808.0	205.0	7	2	shSTN1
162	21	525.6097908745247	417.0	223.0	898	1	shSTN1
163	21	12441.478916294542	395.0	565.0	3200	15	shSTN1
163	21	12441.478916294542	406.0	521.0	2162	15	shSTN1
163	21	12441.478916294542	407.0	568.0	3206	15	shSTN1
163	21	12441.478916294542	440.0	569.0	3151	15	shSTN1
163	21	12441.478916294542	444.0	489.0	1865	15	shSTN1
163	21	12441.478916294542	444.0	604.0	2184	15	shSTN1
163	21	12441.478916294542	492.0	613.0	3382	15	shSTN1
163	21	12441.478916294542	495.0	540.0	1819	15	shSTN1
163	21	12441.478916294542	509.0	473.0	2781	15	shSTN1
163	21	12441.478916294542	519.0	592.0	2278	15	shSTN1
163	21	12441.478916294542	520.0	463.0	2083	15	shSTN1
163	21	12441.478916294542	521.0	523.0	2009	15	shSTN1
163	21	12441.478916294542	537.0	493.0	2475	15	shSTN1
163	21	12441.478916294542	570.0	539.0	2875	15	shSTN1
163	21	12441.478916294542	585.0	505.0	2966	15	shSTN1
164	21	18043.18104746058	196.0	589.0	1802	10	shSTN1
164	21	18043.18104746058	213.0	541.0	1948	10	shSTN1
164	21	18043.18104746058	237.0	654.0	1329	10	shSTN1
164	21	18043.18104746058	262.0	659.0	2863	10	shSTN1
164	21	18043.18104746058	267.0	609.0	2952	10	shSTN1
164	21	18043.18104746058	275.0	570.0	2303	10	shSTN1
164	21	18043.18104746058	285.0	590.0	2146	10	shSTN1
164	21	18043.18104746058	286.0	661.0	2306	10	shSTN1
164	21	18043.18104746058	294.0	678.0	1822	10	shSTN1
164	21	18043.18104746058	305.0	592.0	2214	10	shSTN1
165	21	562.4215980221977	717.0	737.0	497	1	shSTN1
166	22	28380.52427648888	345.0	153.0	1804	14	shSTN1
166	22	28380.52427648888	353.0	242.0	1664	14	shSTN1
166	22	28380.52427648888	371.0	214.0	2392	14	shSTN1
166	22	28380.52427648888	371.0	296.0	2846	14	shSTN1
166	22	28380.52427648888	385.0	169.0	1878	14	shSTN1
166	22	28380.52427648888	392.0	91.0	3500	14	shSTN1
166	22	28380.52427648888	411.0	144.0	2729	14	shSTN1
166	22	28380.52427648888	422.0	191.0	2805	14	shSTN1
166	22	28380.52427648888	423.0	322.0	2401	14	shSTN1
166	22	28380.52427648888	428.0	214.0	2223	14	shSTN1
166	22	28380.52427648888	436.0	287.0	2458	14	shSTN1
166	22	28380.52427648888	443.0	305.0	2868	14	shSTN1
166	22	28380.52427648888	450.0	201.0	2065	14	shSTN1
166	22	28380.52427648888	451.0	225.0	2646	14	shSTN1
167	22	19575.86078886311	571.0	242.0	2944	2	shSTN1
167	22	19575.86078886311	656.0	308.0	1853	2	shSTN1
168	22	22784.791408954206	535.0	508.0	2156	8	shSTN1
168	22	22784.791408954206	567.0	450.0	2617	8	shSTN1
168	22	22784.791408954206	574.0	549.0	2849	8	shSTN1
168	22	22784.791408954206	575.0	481.0	2661	8	shSTN1
168	22	22784.791408954206	577.0	451.0	2528	8	shSTN1
168	22	22784.791408954206	610.0	443.0	1802	8	shSTN1
168	22	22784.791408954206	610.0	485.0	3144	8	shSTN1
168	22	22784.791408954206	623.0	534.0	3183	8	shSTN1
169	22	29348.529092685556	37.0	608.0	2736	6	shSTN1
169	22	29348.529092685556	92.0	552.0	2398	6	shSTN1
169	22	29348.529092685556	110.0	586.0	2392	6	shSTN1
169	22	29348.529092685556	120.0	641.0	1657	6	shSTN1
169	22	29348.529092685556	125.0	584.0	1709	6	shSTN1
169	22	29348.529092685556	177.0	508.0	1603	6	shSTN1
170	22	13165.636794527241	662.0	831.0	3227	12	shSTN1
170	22	13165.636794527241	678.0	887.0	2437	12	shSTN1
170	22	13165.636794527241	689.0	880.0	1862	12	shSTN1
170	22	13165.636794527241	699.0	809.0	3228	12	shSTN1
170	22	13165.636794527241	709.0	831.0	2098	12	shSTN1
170	22	13165.636794527241	715.0	806.0	2683	12	shSTN1
170	22	13165.636794527241	729.0	832.0	3247	12	shSTN1
170	22	13165.636794527241	738.0	817.0	2685	12	shSTN1
170	22	13165.636794527241	742.0	799.0	3250	12	shSTN1
170	22	13165.636794527241	749.0	827.0	3383	12	shSTN1
170	22	13165.636794527241	751.0	785.0	3210	12	shSTN1
170	22	13165.636794527241	763.0	834.0	3513	12	shSTN1
171	22	14555.17182863984	307.0	859.0	3349	4	shSTN1
171	22	14555.17182863984	356.0	832.0	2864	4	shSTN1
171	22	14555.17182863984	367.0	889.0	1932	4	shSTN1
171	22	14555.17182863984	382.0	938.0	2607	4	shSTN1
172	23	560.9041259241593	716.0	163.0	586	1	shSTN1
173	23	596.636887300656	102.0	280.0	1565	1	shSTN1
174	23	797.3757472876227	356.0	215.0	1229	1	shSTN1
175	23	602.8317085684967	437.0	372.0	1343	1	shSTN1
176	23	566.9420917396269	708.0	396.0	467	1	shSTN1
177	23	583.4938916876574	482.0	583.0	562	1	shSTN1
178	23	612.3119606107546	361.0	571.0	1232	1	shSTN1
179	23	584.9398603901915	809.0	708.0	4	2	shSTN1
179	23	584.9398603901915	859.0	742.0	676	2	shSTN1
180	23	618.8469488474714	721.0	723.0	769	1	shSTN1
181	24	533.966944801027	220.0	108.0	1708	1	shSTN1
182	24	599.1731507928691	204.0	507.0	1128	2	shSTN1
182	24	599.1731507928691	332.0	428.0	7	2	shSTN1
183	24	548.6129671461974	526.0	573.0	3405	2	shSTN1
183	24	548.6129671461974	549.0	563.0	1923	2	shSTN1
184	24	632.015694089805	749.0	648.0	528	1	shSTN1
185	24	530.9761952692501	860.0	868.0	824	1	shSTN1
186	24	607.8946814482177	390.0	816.0	811	1	shSTN1
187	24	625.2119123800147	627.0	882.0	748	1	shSTN1
