## ROI	Slice	EdU	X	Y	Cy5	FociPerCell	Condition
1	1	262.0313958857026	859.0	211.0	2299	1	Ctrl_Etoposide
2	1	12955.713195361808	625.0	195.0	15	6	Ctrl_Etoposide
2	1	12955.713195361808	628.0	267.0	8045	6	Ctrl_Etoposide
2	1	12955.713195361808	661.0	235.0	8152	6	Ctrl_Etoposide
2	1	12955.713195361808	673.0	229.0	2717	6	Ctrl_Etoposide
2	1	12955.713195361808	726.0	215.0	7000	6	Ctrl_Etoposide
2	1	12955.713195361808	751.0	164.0	5613	6	Ctrl_Etoposide
3	1	11622.683530394268	297.0	229.0	9585	3	Ctrl_Etoposide
3	1	11622.683530394268	395.0	280.0	3521	3	Ctrl_Etoposide
3	1	11622.683530394268	448.0	248.0	3012	3	Ctrl_Etoposide
4	1	11457.537579113925	464.0	331.0	7808	7	Ctrl_Etoposide
4	1	11457.537579113925	477.0	410.0	7443	7	Ctrl_Etoposide
4	1	11457.537579113925	479.0	290.0	5556	7	Ctrl_Etoposide
4	1	11457.537579113925	489.0	362.0	6682	7	Ctrl_Etoposide
4	1	11457.537579113925	491.0	361.0	17762	7	Ctrl_Etoposide
4	1	11457.537579113925	493.0	391.0	6981	7	Ctrl_Etoposide
4	1	11457.537579113925	537.0	332.0	5725	7	Ctrl_Etoposide
5	1	11341.942461649709	681.0	442.0	7056	14	Ctrl_Etoposide
5	1	11341.942461649709	712.0	368.0	6240	14	Ctrl_Etoposide
5	1	11341.942461649709	728.0	440.0	6911	14	Ctrl_Etoposide
5	1	11341.942461649709	730.0	412.0	7243	14	Ctrl_Etoposide
5	1	11341.942461649709	744.0	430.0	7897	14	Ctrl_Etoposide
5	1	11341.942461649709	747.0	412.0	7175	14	Ctrl_Etoposide
5	1	11341.942461649709	747.0	459.0	8698	14	Ctrl_Etoposide
5	1	11341.942461649709	753.0	440.0	4850	14	Ctrl_Etoposide
5	1	11341.942461649709	760.0	348.0	3291	14	Ctrl_Etoposide
5	1	11341.942461649709	760.0	485.0	5211	14	Ctrl_Etoposide
5	1	11341.942461649709	772.0	369.0	3071	14	Ctrl_Etoposide
5	1	11341.942461649709	773.0	470.0	7143	14	Ctrl_Etoposide
5	1	11341.942461649709	794.0	461.0	6856	14	Ctrl_Etoposide
5	1	11341.942461649709	823.0	392.0	5718	14	Ctrl_Etoposide
6	1	15047.021586061572	290.0	456.0	7047	9	Ctrl_Etoposide
6	1	15047.021586061572	298.0	433.0	5963	9	Ctrl_Etoposide
6	1	15047.021586061572	313.0	478.0	7861	9	Ctrl_Etoposide
6	1	15047.021586061572	321.0	464.0	11266	9	Ctrl_Etoposide
6	1	15047.021586061572	321.0	499.0	8369	9	Ctrl_Etoposide
6	1	15047.021586061572	326.0	363.0	6532	9	Ctrl_Etoposide
6	1	15047.021586061572	340.0	421.0	8204	9	Ctrl_Etoposide
6	1	15047.021586061572	347.0	436.0	7469	9	Ctrl_Etoposide
6	1	15047.021586061572	350.0	402.0	6982	9	Ctrl_Etoposide
7	1	13350.356890459363	480.0	627.0	7889	23	Ctrl_Etoposide
7	1	13350.356890459363	494.0	556.0	6612	23	Ctrl_Etoposide
7	1	13350.356890459363	507.0	588.0	8173	23	Ctrl_Etoposide
7	1	13350.356890459363	516.0	558.0	7098	23	Ctrl_Etoposide
7	1	13350.356890459363	517.0	587.0	2868	23	Ctrl_Etoposide
7	1	13350.356890459363	522.0	551.0	2975	23	Ctrl_Etoposide
7	1	13350.356890459363	528.0	582.0	3454	23	Ctrl_Etoposide
7	1	13350.356890459363	529.0	539.0	7015	23	Ctrl_Etoposide
7	1	13350.356890459363	529.0	606.0	7555	23	Ctrl_Etoposide
7	1	13350.356890459363	546.0	621.0	8518	23	Ctrl_Etoposide
7	1	13350.356890459363	551.0	612.0	8495	23	Ctrl_Etoposide
7	1	13350.356890459363	555.0	544.0	7131	23	Ctrl_Etoposide
7	1	13350.356890459363	556.0	551.0	7132	23	Ctrl_Etoposide
7	1	13350.356890459363	568.0	618.0	3259	23	Ctrl_Etoposide
7	1	13350.356890459363	569.0	577.0	7561	23	Ctrl_Etoposide
7	1	13350.356890459363	572.0	570.0	6722	23	Ctrl_Etoposide
7	1	13350.356890459363	575.0	637.0	3614	23	Ctrl_Etoposide
7	1	13350.356890459363	578.0	650.0	6828	23	Ctrl_Etoposide
7	1	13350.356890459363	591.0	582.0	6364	23	Ctrl_Etoposide
7	1	13350.356890459363	592.0	608.0	7596	23	Ctrl_Etoposide
7	1	13350.356890459363	595.0	596.0	8807	23	Ctrl_Etoposide
7	1	13350.356890459363	596.0	653.0	8664	23	Ctrl_Etoposide
7	1	13350.356890459363	620.0	627.0	6897	23	Ctrl_Etoposide
8	1	13821.793637712213	213.0	581.0	11163	4	Ctrl_Etoposide
8	1	13821.793637712213	267.0	568.0	8566	4	Ctrl_Etoposide
8	1	13821.793637712213	269.0	618.0	8916	4	Ctrl_Etoposide
8	1	13821.793637712213	340.0	661.0	7691	4	Ctrl_Etoposide
9	1	14072.897641203203	85.0	817.0	5798	2	Ctrl_Etoposide
9	1	14072.897641203203	175.0	896.0	6669	2	Ctrl_Etoposide
10	1	13986.48146990813	651.0	799.0	5630	8	Ctrl_Etoposide
10	1	13986.48146990813	665.0	839.0	6890	8	Ctrl_Etoposide
10	1	13986.48146990813	677.0	814.0	6439	8	Ctrl_Etoposide
10	1	13986.48146990813	679.0	778.0	6289	8	Ctrl_Etoposide
10	1	13986.48146990813	697.0	875.0	11275	8	Ctrl_Etoposide
10	1	13986.48146990813	726.0	766.0	5671	8	Ctrl_Etoposide
10	1	13986.48146990813	735.0	779.0	6682	8	Ctrl_Etoposide
10	1	13986.48146990813	740.0	830.0	8331	8	Ctrl_Etoposide
11	1	16230.328110492108	425.0	884.0	11182	15	Ctrl_Etoposide
11	1	16230.328110492108	440.0	896.0	11257	15	Ctrl_Etoposide
11	1	16230.328110492108	442.0	863.0	8351	15	Ctrl_Etoposide
11	1	16230.328110492108	462.0	879.0	5641	15	Ctrl_Etoposide
11	1	16230.328110492108	468.0	888.0	6785	15	Ctrl_Etoposide
11	1	16230.328110492108	478.0	799.0	10519	15	Ctrl_Etoposide
11	1	16230.328110492108	489.0	818.0	3724	15	Ctrl_Etoposide
11	1	16230.328110492108	494.0	809.0	7087	15	Ctrl_Etoposide
11	1	16230.328110492108	496.0	842.0	6642	15	Ctrl_Etoposide
11	1	16230.328110492108	512.0	836.0	8592	15	Ctrl_Etoposide
11	1	16230.328110492108	518.0	881.0	6450	15	Ctrl_Etoposide
11	1	16230.328110492108	519.0	846.0	7082	15	Ctrl_Etoposide
11	1	16230.328110492108	552.0	793.0	6048	15	Ctrl_Etoposide
11	1	16230.328110492108	554.0	828.0	3605	15	Ctrl_Etoposide
11	1	16230.328110492108	566.0	811.0	6517	15	Ctrl_Etoposide
12	2	208.09699078312886	630.0	86.0	977	1	Ctrl_Etoposide
13	2	11105.924723283377	28.0	145.0	6549	12	Ctrl_Etoposide
13	2	11105.924723283377	56.0	113.0	6085	12	Ctrl_Etoposide
13	2	11105.924723283377	66.0	47.0	7868	12	Ctrl_Etoposide
13	2	11105.924723283377	69.0	99.0	7655	12	Ctrl_Etoposide
13	2	11105.924723283377	91.0	49.0	7764	12	Ctrl_Etoposide
13	2	11105.924723283377	113.0	102.0	7457	12	Ctrl_Etoposide
13	2	11105.924723283377	132.0	169.0	8529	12	Ctrl_Etoposide
13	2	11105.924723283377	138.0	57.0	6719	12	Ctrl_Etoposide
13	2	11105.924723283377	142.0	92.0	8930	12	Ctrl_Etoposide
13	2	11105.924723283377	143.0	160.0	7092	12	Ctrl_Etoposide
13	2	11105.924723283377	152.0	61.0	5213	12	Ctrl_Etoposide
13	2	11105.924723283377	154.0	113.0	5795	12	Ctrl_Etoposide
14	2	3200.464412095866	309.0	119.0	6075	4	Ctrl_Etoposide
14	2	3200.464412095866	418.0	220.0	6008	4	Ctrl_Etoposide
14	2	3200.464412095866	433.0	197.0	5879	4	Ctrl_Etoposide
14	2	3200.464412095866	440.0	176.0	7819	4	Ctrl_Etoposide
15	2	218.91873342692247	520.0	307.0	3017	1	Ctrl_Etoposide
16	2	223.12708066581305	253.0	480.0	7937	6	Ctrl_Etoposide
16	2	223.12708066581305	284.0	316.0	5007	6	Ctrl_Etoposide
16	2	223.12708066581305	303.0	500.0	5790	6	Ctrl_Etoposide
16	2	223.12708066581305	330.0	407.0	7997	6	Ctrl_Etoposide
16	2	223.12708066581305	357.0	372.0	6539	6	Ctrl_Etoposide
16	2	223.12708066581305	358.0	399.0	6147	6	Ctrl_Etoposide
17	2	226.3986642584114	136.0	379.0	14280	7	Ctrl_Etoposide
17	2	226.3986642584114	145.0	440.0	6727	7	Ctrl_Etoposide
17	2	226.3986642584114	173.0	340.0	19387	7	Ctrl_Etoposide
17	2	226.3986642584114	177.0	494.0	6470	7	Ctrl_Etoposide
17	2	226.3986642584114	186.0	460.0	15869	7	Ctrl_Etoposide
17	2	226.3986642584114	186.0	466.0	7421	7	Ctrl_Etoposide
17	2	226.3986642584114	213.0	436.0	6584	7	Ctrl_Etoposide
18	2	222.78158944461492	601.0	531.0	1469	1	Ctrl_Etoposide
19	2	226.5692293117332	217.0	579.0	5028	18	Ctrl_Etoposide
19	2	226.5692293117332	226.0	604.0	7607	18	Ctrl_Etoposide
19	2	226.5692293117332	228.0	546.0	7732	18	Ctrl_Etoposide
19	2	226.5692293117332	242.0	599.0	10003	18	Ctrl_Etoposide
19	2	226.5692293117332	245.0	611.0	7532	18	Ctrl_Etoposide
19	2	226.5692293117332	262.0	589.0	4591	18	Ctrl_Etoposide
19	2	226.5692293117332	264.0	559.0	6815	18	Ctrl_Etoposide
19	2	226.5692293117332	283.0	632.0	2946	18	Ctrl_Etoposide
19	2	226.5692293117332	318.0	614.0	7451	18	Ctrl_Etoposide
19	2	226.5692293117332	319.0	531.0	9584	18	Ctrl_Etoposide
19	2	226.5692293117332	320.0	602.0	3591	18	Ctrl_Etoposide
19	2	226.5692293117332	326.0	624.0	4557	18	Ctrl_Etoposide
19	2	226.5692293117332	339.0	556.0	9178	18	Ctrl_Etoposide
19	2	226.5692293117332	346.0	595.0	6054	18	Ctrl_Etoposide
19	2	226.5692293117332	357.0	567.0	7749	18	Ctrl_Etoposide
19	2	226.5692293117332	371.0	610.0	8327	18	Ctrl_Etoposide
19	2	226.5692293117332	386.0	608.0	10295	18	Ctrl_Etoposide
19	2	226.5692293117332	394.0	619.0	8114	18	Ctrl_Etoposide
20	2	226.09162982161914	495.0	695.0	1033	1	Ctrl_Etoposide
21	2	237.04915286993494	679.0	715.0	1136	2	Ctrl_Etoposide
21	2	237.04915286993494	781.0	799.0	14	2	Ctrl_Etoposide
22	2	15782.290188318777	81.0	860.0	7502	2	Ctrl_Etoposide
22	2	15782.290188318777	113.0	824.0	8173	2	Ctrl_Etoposide
23	2	252.57838953888506	310.0	921.0	3140	1	Ctrl_Etoposide
24	3	6422.656399199138	65.0	97.0	9115	15	Ctrl_Etoposide
24	3	6422.656399199138	74.0	140.0	8346	15	Ctrl_Etoposide
24	3	6422.656399199138	83.0	57.0	3699	15	Ctrl_Etoposide
24	3	6422.656399199138	98.0	77.0	4526	15	Ctrl_Etoposide
24	3	6422.656399199138	105.0	54.0	7827	15	Ctrl_Etoposide
24	3	6422.656399199138	105.0	106.0	6717	15	Ctrl_Etoposide
24	3	6422.656399199138	109.0	48.0	10891	15	Ctrl_Etoposide
24	3	6422.656399199138	121.0	157.0	3590	15	Ctrl_Etoposide
24	3	6422.656399199138	123.0	118.0	3419	15	Ctrl_Etoposide
24	3	6422.656399199138	130.0	49.0	6353	15	Ctrl_Etoposide
24	3	6422.656399199138	131.0	127.0	8240	15	Ctrl_Etoposide
24	3	6422.656399199138	143.0	80.0	5294	15	Ctrl_Etoposide
24	3	6422.656399199138	170.0	89.0	8093	15	Ctrl_Etoposide
24	3	6422.656399199138	171.0	113.0	7538	15	Ctrl_Etoposide
24	3	6422.656399199138	195.0	106.0	6980	15	Ctrl_Etoposide
25	3	12948.308355400304	527.0	255.0	6826	7	Ctrl_Etoposide
25	3	12948.308355400304	533.0	226.0	6586	7	Ctrl_Etoposide
25	3	12948.308355400304	541.0	272.0	5690	7	Ctrl_Etoposide
25	3	12948.308355400304	648.0	269.0	5131	7	Ctrl_Etoposide
25	3	12948.308355400304	653.0	239.0	9459	7	Ctrl_Etoposide
25	3	12948.308355400304	682.0	231.0	2809	7	Ctrl_Etoposide
25	3	12948.308355400304	687.0	253.0	8466	7	Ctrl_Etoposide
26	3	289.5962574425858	316.0	314.0	4823	1	Ctrl_Etoposide
27	3	4224.62309708011	108.0	391.0	9081	17	Ctrl_Etoposide
27	3	4224.62309708011	151.0	367.0	4571	17	Ctrl_Etoposide
27	3	4224.62309708011	153.0	360.0	8496	17	Ctrl_Etoposide
27	3	4224.62309708011	158.0	375.0	12308	17	Ctrl_Etoposide
27	3	4224.62309708011	161.0	387.0	7627	17	Ctrl_Etoposide
27	3	4224.62309708011	166.0	364.0	7657	17	Ctrl_Etoposide
27	3	4224.62309708011	172.0	414.0	8891	17	Ctrl_Etoposide
27	3	4224.62309708011	176.0	430.0	7031	17	Ctrl_Etoposide
27	3	4224.62309708011	183.0	346.0	8720	17	Ctrl_Etoposide
27	3	4224.62309708011	186.0	359.0	9220	17	Ctrl_Etoposide
27	3	4224.62309708011	187.0	388.0	7864	17	Ctrl_Etoposide
27	3	4224.62309708011	196.0	346.0	11477	17	Ctrl_Etoposide
27	3	4224.62309708011	200.0	376.0	7580	17	Ctrl_Etoposide
27	3	4224.62309708011	201.0	398.0	5806	17	Ctrl_Etoposide
27	3	4224.62309708011	219.0	399.0	5210	17	Ctrl_Etoposide
27	3	4224.62309708011	224.0	415.0	9960	17	Ctrl_Etoposide
27	3	4224.62309708011	232.0	426.0	2918	17	Ctrl_Etoposide
28	3	12814.382156389942	671.0	410.0	7488	6	Ctrl_Etoposide
28	3	12814.382156389942	682.0	434.0	2740	6	Ctrl_Etoposide
28	3	12814.382156389942	685.0	451.0	8061	6	Ctrl_Etoposide
28	3	12814.382156389942	687.0	367.0	7336	6	Ctrl_Etoposide
28	3	12814.382156389942	698.0	379.0	9017	6	Ctrl_Etoposide
28	3	12814.382156389942	726.0	428.0	7645	6	Ctrl_Etoposide
29	3	13876.833343485412	775.0	401.0	33	6	Ctrl_Etoposide
29	3	13876.833343485412	776.0	387.0	4301	6	Ctrl_Etoposide
29	3	13876.833343485412	799.0	387.0	7966	6	Ctrl_Etoposide
29	3	13876.833343485412	818.0	360.0	6989	6	Ctrl_Etoposide
29	3	13876.833343485412	836.0	467.0	7379	6	Ctrl_Etoposide
29	3	13876.833343485412	895.0	411.0	2911	6	Ctrl_Etoposide
30	3	305.35787000783085	557.0	546.0	4162	1	Ctrl_Etoposide
31	3	5903.59984465471	260.0	627.0	8743	16	Ctrl_Etoposide
31	3	5903.59984465471	268.0	598.0	6391	16	Ctrl_Etoposide
31	3	5903.59984465471	272.0	565.0	6689	16	Ctrl_Etoposide
31	3	5903.59984465471	276.0	579.0	10096	16	Ctrl_Etoposide
31	3	5903.59984465471	277.0	644.0	10568	16	Ctrl_Etoposide
31	3	5903.59984465471	280.0	583.0	6970	16	Ctrl_Etoposide
31	3	5903.59984465471	281.0	604.0	3824	16	Ctrl_Etoposide
31	3	5903.59984465471	282.0	524.0	10287	16	Ctrl_Etoposide
31	3	5903.59984465471	288.0	574.0	8367	16	Ctrl_Etoposide
31	3	5903.59984465471	291.0	553.0	7095	16	Ctrl_Etoposide
31	3	5903.59984465471	292.0	595.0	6520	16	Ctrl_Etoposide
31	3	5903.59984465471	294.0	603.0	10840	16	Ctrl_Etoposide
31	3	5903.59984465471	296.0	549.0	4875	16	Ctrl_Etoposide
31	3	5903.59984465471	301.0	578.0	8028	16	Ctrl_Etoposide
31	3	5903.59984465471	322.0	617.0	5298	16	Ctrl_Etoposide
31	3	5903.59984465471	342.0	572.0	9421	16	Ctrl_Etoposide
32	3	273.19796163069543	71.0	583.0	2318	1	Ctrl_Etoposide
33	3	454.66200242795986	614.0	640.0	1378	1	Ctrl_Etoposide
34	3	11205.038664112999	825.0	758.0	2780	11	Ctrl_Etoposide
34	3	11205.038664112999	829.0	774.0	10093	11	Ctrl_Etoposide
34	3	11205.038664112999	846.0	645.0	10015	11	Ctrl_Etoposide
34	3	11205.038664112999	846.0	734.0	6715	11	Ctrl_Etoposide
34	3	11205.038664112999	850.0	670.0	2751	11	Ctrl_Etoposide
34	3	11205.038664112999	856.0	644.0	6911	11	Ctrl_Etoposide
34	3	11205.038664112999	863.0	786.0	7569	11	Ctrl_Etoposide
34	3	11205.038664112999	871.0	782.0	6928	11	Ctrl_Etoposide
34	3	11205.038664112999	880.0	664.0	6350	11	Ctrl_Etoposide
34	3	11205.038664112999	882.0	677.0	3307	11	Ctrl_Etoposide
34	3	11205.038664112999	891.0	751.0	8561	11	Ctrl_Etoposide
35	3	351.3081641285956	450.0	791.0	952	1	Ctrl_Etoposide
36	3	16065.747795318453	548.0	829.0	8245	2	Ctrl_Etoposide
36	3	16065.747795318453	595.0	774.0	7202	2	Ctrl_Etoposide
37	3	15107.964497744004	711.0	886.0	6489	4	Ctrl_Etoposide
37	3	15107.964497744004	721.0	881.0	6289	4	Ctrl_Etoposide
37	3	15107.964497744004	765.0	823.0	6959	4	Ctrl_Etoposide
37	3	15107.964497744004	766.0	861.0	7356	4	Ctrl_Etoposide
38	4	291.65542849631964	188.0	92.0	1336	1	Ctrl_Etoposide
39	4	346.0955316811134	854.0	158.0	9	2	Ctrl_Etoposide
39	4	346.0955316811134	858.0	233.0	3121	2	Ctrl_Etoposide
40	4	321.997283191535	130.0	166.0	2744	1	Ctrl_Etoposide
41	4	15674.632931034483	186.0	305.0	5009	4	Ctrl_Etoposide
41	4	15674.632931034483	243.0	230.0	7231	4	Ctrl_Etoposide
41	4	15674.632931034483	253.0	194.0	6754	4	Ctrl_Etoposide
41	4	15674.632931034483	274.0	177.0	7	4	Ctrl_Etoposide
42	4	2049.642402088773	395.0	251.0	5391	11	Ctrl_Etoposide
42	4	2049.642402088773	438.0	291.0	6355	11	Ctrl_Etoposide
42	4	2049.642402088773	460.0	261.0	7332	11	Ctrl_Etoposide
42	4	2049.642402088773	462.0	215.0	7126	11	Ctrl_Etoposide
42	4	2049.642402088773	478.0	290.0	6318	11	Ctrl_Etoposide
42	4	2049.642402088773	514.0	275.0	7685	11	Ctrl_Etoposide
42	4	2049.642402088773	516.0	259.0	8038	11	Ctrl_Etoposide
42	4	2049.642402088773	520.0	301.0	7375	11	Ctrl_Etoposide
42	4	2049.642402088773	533.0	310.0	6330	11	Ctrl_Etoposide
42	4	2049.642402088773	550.0	250.0	6885	11	Ctrl_Etoposide
42	4	2049.642402088773	558.0	258.0	7513	11	Ctrl_Etoposide
43	4	10723.101310623237	705.0	273.0	7391	1	Ctrl_Etoposide
44	4	13660.408877095646	386.0	349.0	6909	8	Ctrl_Etoposide
44	4	13660.408877095646	392.0	465.0	6905	8	Ctrl_Etoposide
44	4	13660.408877095646	395.0	396.0	2913	8	Ctrl_Etoposide
44	4	13660.408877095646	404.0	430.0	6996	8	Ctrl_Etoposide
44	4	13660.408877095646	432.0	378.0	6668	8	Ctrl_Etoposide
44	4	13660.408877095646	432.0	414.0	3156	8	Ctrl_Etoposide
44	4	13660.408877095646	444.0	385.0	2572	8	Ctrl_Etoposide
44	4	13660.408877095646	474.0	421.0	5258	8	Ctrl_Etoposide
45	4	16545.4287403903	603.0	526.0	8650	3	Ctrl_Etoposide
45	4	16545.4287403903	621.0	530.0	6431	3	Ctrl_Etoposide
45	4	16545.4287403903	660.0	590.0	5074	3	Ctrl_Etoposide
46	4	12494.301764208747	323.0	677.0	5815	1	Ctrl_Etoposide
47	4	356.0782608695652	141.0	681.0	1853	1	Ctrl_Etoposide
48	4	357.8332628373234	537.0	641.0	1316	1	Ctrl_Etoposide
49	4	311.4407597002745	329.0	879.0	1987	1	Ctrl_Etoposide
50	4	256.9454851610187	439.0	878.0	1009	1	Ctrl_Etoposide
51	5	11327.2453202995	609.0	162.0	6038	3	Ctrl_Etoposide
51	5	11327.2453202995	614.0	74.0	39	3	Ctrl_Etoposide
51	5	11327.2453202995	655.0	187.0	2549	3	Ctrl_Etoposide
52	5	11319.157023373053	194.0	155.0	6465	22	Ctrl_Etoposide
52	5	11319.157023373053	218.0	82.0	6617	22	Ctrl_Etoposide
52	5	11319.157023373053	220.0	137.0	3182	22	Ctrl_Etoposide
52	5	11319.157023373053	231.0	170.0	6719	22	Ctrl_Etoposide
52	5	11319.157023373053	233.0	49.0	6738	22	Ctrl_Etoposide
52	5	11319.157023373053	233.0	68.0	9684	22	Ctrl_Etoposide
52	5	11319.157023373053	244.0	157.0	6624	22	Ctrl_Etoposide
52	5	11319.157023373053	245.0	77.0	7481	22	Ctrl_Etoposide
52	5	11319.157023373053	246.0	42.0	9503	22	Ctrl_Etoposide
52	5	11319.157023373053	250.0	122.0	4181	22	Ctrl_Etoposide
52	5	11319.157023373053	253.0	36.0	8982	22	Ctrl_Etoposide
52	5	11319.157023373053	261.0	64.0	3437	22	Ctrl_Etoposide
52	5	11319.157023373053	263.0	44.0	3033	22	Ctrl_Etoposide
52	5	11319.157023373053	263.0	181.0	6925	22	Ctrl_Etoposide
52	5	11319.157023373053	264.0	108.0	6438	22	Ctrl_Etoposide
52	5	11319.157023373053	264.0	163.0	8238	22	Ctrl_Etoposide
52	5	11319.157023373053	266.0	95.0	7127	22	Ctrl_Etoposide
52	5	11319.157023373053	276.0	131.0	6917	22	Ctrl_Etoposide
52	5	11319.157023373053	277.0	85.0	7258	22	Ctrl_Etoposide
52	5	11319.157023373053	292.0	130.0	10218	22	Ctrl_Etoposide
52	5	11319.157023373053	298.0	75.0	2574	22	Ctrl_Etoposide
52	5	11319.157023373053	299.0	148.0	7689	22	Ctrl_Etoposide
53	5	394.1727835411036	534.0	265.0	2777	1	Ctrl_Etoposide
54	5	12384.619230300816	311.0	302.0	89	10	Ctrl_Etoposide
54	5	12384.619230300816	327.0	233.0	5009	10	Ctrl_Etoposide
54	5	12384.619230300816	343.0	201.0	7347	10	Ctrl_Etoposide
54	5	12384.619230300816	356.0	213.0	9735	10	Ctrl_Etoposide
54	5	12384.619230300816	380.0	202.0	6865	10	Ctrl_Etoposide
54	5	12384.619230300816	382.0	257.0	7721	10	Ctrl_Etoposide
54	5	12384.619230300816	393.0	183.0	6581	10	Ctrl_Etoposide
54	5	12384.619230300816	402.0	226.0	6604	10	Ctrl_Etoposide
54	5	12384.619230300816	413.0	210.0	5559	10	Ctrl_Etoposide
54	5	12384.619230300816	442.0	221.0	5555	10	Ctrl_Etoposide
55	5	18219.683593968948	698.0	267.0	3190	6	Ctrl_Etoposide
55	5	18219.683593968948	704.0	287.0	3898	6	Ctrl_Etoposide
55	5	18219.683593968948	759.0	308.0	5964	6	Ctrl_Etoposide
55	5	18219.683593968948	762.0	289.0	6881	6	Ctrl_Etoposide
55	5	18219.683593968948	776.0	307.0	6456	6	Ctrl_Etoposide
55	5	18219.683593968948	783.0	380.0	8355	6	Ctrl_Etoposide
56	5	348.6148333064906	461.0	380.0	915	1	Ctrl_Etoposide
57	5	354.709480371396	703.0	464.0	818	1	Ctrl_Etoposide
58	5	316.9293382352941	875.0	427.0	958	1	Ctrl_Etoposide
59	5	336.34112752833164	438.0	473.0	937	1	Ctrl_Etoposide
60	5	14168.008150602092	184.0	536.0	10542	11	Ctrl_Etoposide
60	5	14168.008150602092	191.0	574.0	5197	11	Ctrl_Etoposide
60	5	14168.008150602092	230.0	592.0	2902	11	Ctrl_Etoposide
60	5	14168.008150602092	231.0	538.0	3179	11	Ctrl_Etoposide
60	5	14168.008150602092	236.0	556.0	12516	11	Ctrl_Etoposide
60	5	14168.008150602092	242.0	629.0	5684	11	Ctrl_Etoposide
60	5	14168.008150602092	243.0	577.0	6951	11	Ctrl_Etoposide
60	5	14168.008150602092	293.0	517.0	7341	11	Ctrl_Etoposide
60	5	14168.008150602092	299.0	617.0	6637	11	Ctrl_Etoposide
60	5	14168.008150602092	309.0	599.0	6402	11	Ctrl_Etoposide
60	5	14168.008150602092	352.0	550.0	8475	11	Ctrl_Etoposide
61	5	231.87985466289868	688.0	620.0	12	2	Ctrl_Etoposide
61	5	231.87985466289868	747.0	571.0	4512	2	Ctrl_Etoposide
62	5	234.8998382001695	603.0	708.0	176	3	Ctrl_Etoposide
62	5	234.8998382001695	610.0	637.0	5355	3	Ctrl_Etoposide
62	5	234.8998382001695	688.0	620.0	12	3	Ctrl_Etoposide
63	5	291.9180003951788	520.0	622.0	3171	1	Ctrl_Etoposide
64	5	415.94795102998313	365.0	669.0	915	1	Ctrl_Etoposide
65	5	391.1295281582953	235.0	687.0	1187	1	Ctrl_Etoposide
66	5	256.9650055083922	119.0	813.0	1074	1	Ctrl_Etoposide
67	5	249.43843020523266	814.0	829.0	1092	1	Ctrl_Etoposide
68	5	310.2982838463634	648.0	785.0	928	1	Ctrl_Etoposide
69	5	19624.20223372034	503.0	856.0	4107	2	Ctrl_Etoposide
69	5	19624.20223372034	532.0	822.0	8578	2	Ctrl_Etoposide
70	6	197.24956896551726	853.0	106.0	516	1	Ctrl_H2O2
71	6	193.53093303595136	527.0	106.0	1005	1	Ctrl_H2O2
72	6	194.9065986459426	127.0	347.0	2256	1	Ctrl_H2O2
73	6	197.225	766.0	415.0	4491	1	Ctrl_H2O2
74	6	196.10034622381315	537.0	389.0	1680	1	Ctrl_H2O2
75	6	198.52832615902233	232.0	509.0	1940	1	Ctrl_H2O2
76	6	203.5965736720005	509.0	606.0	2378	1	Ctrl_H2O2
77	6	202.11844683251203	242.0	665.0	7133	1	Ctrl_H2O2
78	6	204.701788946864	669.0	754.0	30	2	Ctrl_H2O2
78	6	204.701788946864	743.0	736.0	2042	2	Ctrl_H2O2
79	6	205.86742343114156	241.0	816.0	4741	1	Ctrl_H2O2
80	6	200.1579661016949	471.0	836.0	2505	1	Ctrl_H2O2
81	7	209.62526063056802	899.0	124.0	6079	2	Ctrl_H2O2
81	7	209.62526063056802	942.0	131.0	6105	2	Ctrl_H2O2
82	7	221.267536485305	574.0	233.0	4653	1	Ctrl_H2O2
83	7	5716.074870538008	286.0	231.0	2780	1	Ctrl_H2O2
84	7	247.6371449189792	66.0	308.0	4274	1	Ctrl_H2O2
85	7	210.17401082296718	745.0	444.0	1440	1	Ctrl_H2O2
86	7	5176.899527872111	369.0	395.0	2642	1	Ctrl_H2O2
87	7	244.53826955074877	275.0	482.0	8583	1	Ctrl_H2O2
88	7	222.64764413227977	503.0	602.0	3424	1	Ctrl_H2O2
89	7	216.822498225692	756.0	690.0	10	2	Ctrl_H2O2
89	7	216.822498225692	862.0	672.0	839	2	Ctrl_H2O2
90	7	221.1528995279838	119.0	736.0	668	1	Ctrl_H2O2
91	7	220.6133109960402	500.0	799.0	727	1	Ctrl_H2O2
92	7	216.9740891275947	307.0	817.0	739	1	Ctrl_H2O2
93	7	224.42328642759873	737.0	830.0	1729	1	Ctrl_H2O2
94	7	238.18879198966408	413.0	925.0	1694	1	Ctrl_H2O2
95	8	4845.299850147436	565.0	123.0	7198	3	Ctrl_H2O2
95	8	4845.299850147436	640.0	21.0	17	3	Ctrl_H2O2
95	8	4845.299850147436	653.0	76.0	2653	3	Ctrl_H2O2
96	8	5595.001937885665	225.0	62.0	5242	1	Ctrl_H2O2
97	8	242.8905196587316	788.0	143.0	858	1	Ctrl_H2O2
98	8	2853.4185395967975	474.0	252.0	4646	4	Ctrl_H2O2
98	8	2853.4185395967975	485.0	328.0	9	4	Ctrl_H2O2
98	8	2853.4185395967975	539.0	241.0	7113	4	Ctrl_H2O2
98	8	2853.4185395967975	564.0	354.0	7863	4	Ctrl_H2O2
99	8	290.1748805363383	381.0	312.0	2955	1	Ctrl_H2O2
100	8	254.28471349021018	174.0	368.0	6026	5	Ctrl_H2O2
100	8	254.28471349021018	187.0	440.0	7317	5	Ctrl_H2O2
100	8	254.28471349021018	210.0	368.0	10755	5	Ctrl_H2O2
100	8	254.28471349021018	216.0	366.0	4088	5	Ctrl_H2O2
100	8	254.28471349021018	224.0	426.0	3643	5	Ctrl_H2O2
101	8	260.1020113212092	788.0	444.0	1788	1	Ctrl_H2O2
102	8	6464.5927730831045	442.0	545.0	6934	2	Ctrl_H2O2
102	8	6464.5927730831045	450.0	529.0	6250	2	Ctrl_H2O2
103	8	7387.927811948696	542.0	600.0	5984	1	Ctrl_H2O2
104	8	6808.009209949251	84.0	631.0	3102	15	Ctrl_H2O2
104	8	6808.009209949251	89.0	686.0	7131	15	Ctrl_H2O2
104	8	6808.009209949251	102.0	627.0	11764	15	Ctrl_H2O2
104	8	6808.009209949251	122.0	603.0	8154	15	Ctrl_H2O2
104	8	6808.009209949251	130.0	600.0	9700	15	Ctrl_H2O2
104	8	6808.009209949251	132.0	644.0	10592	15	Ctrl_H2O2
104	8	6808.009209949251	139.0	619.0	6192	15	Ctrl_H2O2
104	8	6808.009209949251	155.0	700.0	5723	15	Ctrl_H2O2
104	8	6808.009209949251	163.0	688.0	3312	15	Ctrl_H2O2
104	8	6808.009209949251	172.0	676.0	4748	15	Ctrl_H2O2
104	8	6808.009209949251	174.0	623.0	10611	15	Ctrl_H2O2
104	8	6808.009209949251	176.0	636.0	7296	15	Ctrl_H2O2
104	8	6808.009209949251	180.0	624.0	8692	15	Ctrl_H2O2
104	8	6808.009209949251	185.0	629.0	9105	15	Ctrl_H2O2
104	8	6808.009209949251	208.0	626.0	13606	15	Ctrl_H2O2
105	8	5974.463353214049	388.0	715.0	1048	1	Ctrl_H2O2
106	8	3883.7417912075925	706.0	775.0	7099	13	Ctrl_H2O2
106	8	3883.7417912075925	712.0	763.0	2654	13	Ctrl_H2O2
106	8	3883.7417912075925	738.0	785.0	6041	13	Ctrl_H2O2
106	8	3883.7417912075925	756.0	838.0	2664	13	Ctrl_H2O2
106	8	3883.7417912075925	761.0	805.0	7444	13	Ctrl_H2O2
106	8	3883.7417912075925	784.0	848.0	6182	13	Ctrl_H2O2
106	8	3883.7417912075925	794.0	751.0	9391	13	Ctrl_H2O2
106	8	3883.7417912075925	799.0	745.0	10133	13	Ctrl_H2O2
106	8	3883.7417912075925	801.0	734.0	6025	13	Ctrl_H2O2
106	8	3883.7417912075925	806.0	760.0	3051	13	Ctrl_H2O2
106	8	3883.7417912075925	815.0	785.0	9595	13	Ctrl_H2O2
106	8	3883.7417912075925	817.0	800.0	6151	13	Ctrl_H2O2
106	8	3883.7417912075925	818.0	807.0	9588	13	Ctrl_H2O2
107	8	9566.1743854837	49.0	847.0	5159	6	Ctrl_H2O2
107	8	9566.1743854837	78.0	794.0	7257	6	Ctrl_H2O2
107	8	9566.1743854837	143.0	759.0	6736	6	Ctrl_H2O2
107	8	9566.1743854837	143.0	817.0	7336	6	Ctrl_H2O2
107	8	9566.1743854837	151.0	845.0	6688	6	Ctrl_H2O2
107	8	9566.1743854837	165.0	744.0	93	6	Ctrl_H2O2
108	8	9049.56053996699	538.0	866.0	5568	1	Ctrl_H2O2
109	9	204.38463005339435	67.0	60.0	3546	2	Ctrl_H2O2
109	9	204.38463005339435	134.0	144.0	14	2	Ctrl_H2O2
110	9	203.4472693032015	607.0	237.0	17	2	Ctrl_H2O2
110	9	203.4472693032015	676.0	131.0	3298	2	Ctrl_H2O2
111	9	207.64030631028643	399.0	133.0	1608	1	Ctrl_H2O2
112	9	206.011367781155	524.0	137.0	2167	1	Ctrl_H2O2
113	9	205.47242477876105	232.0	262.0	3559	2	Ctrl_H2O2
113	9	205.47242477876105	293.0	239.0	3	2	Ctrl_H2O2
114	9	211.43641527295676	830.0	251.0	3066	1	Ctrl_H2O2
115	9	1133.609974493949	186.0	509.0	8009	14	Ctrl_H2O2
115	9	1133.609974493949	191.0	454.0	60	14	Ctrl_H2O2
115	9	1133.609974493949	217.0	443.0	5930	14	Ctrl_H2O2
115	9	1133.609974493949	224.0	432.0	5861	14	Ctrl_H2O2
115	9	1133.609974493949	233.0	544.0	8192	14	Ctrl_H2O2
115	9	1133.609974493949	240.0	479.0	9767	14	Ctrl_H2O2
115	9	1133.609974493949	251.0	500.0	7358	14	Ctrl_H2O2
115	9	1133.609974493949	271.0	472.0	5600	14	Ctrl_H2O2
115	9	1133.609974493949	276.0	455.0	8117	14	Ctrl_H2O2
115	9	1133.609974493949	282.0	400.0	7718	14	Ctrl_H2O2
115	9	1133.609974493949	287.0	387.0	7249	14	Ctrl_H2O2
115	9	1133.609974493949	289.0	444.0	7815	14	Ctrl_H2O2
115	9	1133.609974493949	292.0	455.0	10161	14	Ctrl_H2O2
115	9	1133.609974493949	300.0	441.0	9173	14	Ctrl_H2O2
116	9	274.268023907359	666.0	546.0	1533	1	Ctrl_H2O2
117	9	5568.747482243189	495.0	558.0	5501	8	Ctrl_H2O2
117	9	5568.747482243189	503.0	603.0	2581	8	Ctrl_H2O2
117	9	5568.747482243189	527.0	639.0	6361	8	Ctrl_H2O2
117	9	5568.747482243189	531.0	534.0	6476	8	Ctrl_H2O2
117	9	5568.747482243189	547.0	603.0	7019	8	Ctrl_H2O2
117	9	5568.747482243189	553.0	526.0	5144	8	Ctrl_H2O2
117	9	5568.747482243189	582.0	542.0	3033	8	Ctrl_H2O2
117	9	5568.747482243189	589.0	571.0	8185	8	Ctrl_H2O2
118	9	5338.844910109736	825.0	576.0	3043	6	Ctrl_H2O2
118	9	5338.844910109736	857.0	588.0	7616	6	Ctrl_H2O2
118	9	5338.844910109736	861.0	539.0	6446	6	Ctrl_H2O2
118	9	5338.844910109736	871.0	527.0	2634	6	Ctrl_H2O2
118	9	5338.844910109736	873.0	498.0	3290	6	Ctrl_H2O2
118	9	5338.844910109736	899.0	494.0	8646	6	Ctrl_H2O2
119	9	3596.1680591772656	272.0	757.0	7196	8	Ctrl_H2O2
119	9	3596.1680591772656	276.0	718.0	9722	8	Ctrl_H2O2
119	9	3596.1680591772656	286.0	753.0	3386	8	Ctrl_H2O2
119	9	3596.1680591772656	296.0	712.0	8540	8	Ctrl_H2O2
119	9	3596.1680591772656	345.0	803.0	6393	8	Ctrl_H2O2
119	9	3596.1680591772656	358.0	798.0	7402	8	Ctrl_H2O2
119	9	3596.1680591772656	369.0	717.0	10067	8	Ctrl_H2O2
119	9	3596.1680591772656	384.0	762.0	3770	8	Ctrl_H2O2
120	9	4662.987183979975	559.0	809.0	22	3	Ctrl_H2O2
120	9	4662.987183979975	631.0	859.0	8844	3	Ctrl_H2O2
120	9	4662.987183979975	687.0	785.0	6154	3	Ctrl_H2O2
121	9	226.22793434499846	61.0	907.0	15	2	Ctrl_H2O2
121	9	226.22793434499846	64.0	851.0	2056	2	Ctrl_H2O2
122	10	4923.687935564949	115.0	97.0	3399	2	Ctrl_H2O2
122	10	4923.687935564949	146.0	108.0	28	2	Ctrl_H2O2
123	10	237.49286510590858	727.0	194.0	734	1	Ctrl_H2O2
124	10	8422.300570587153	565.0	310.0	7494	3	Ctrl_H2O2
124	10	8422.300570587153	570.0	254.0	6665	3	Ctrl_H2O2
124	10	8422.300570587153	590.0	254.0	8492	3	Ctrl_H2O2
125	10	282.4864807624426	200.0	335.0	695	1	Ctrl_H2O2
126	10	1935.1425940541963	354.0	331.0	5412	1	Ctrl_H2O2
127	10	7950.0505859375	881.0	374.0	2497	1	Ctrl_H2O2
128	10	7732.077084898572	471.0	513.0	11	2	Ctrl_H2O2
128	10	7732.077084898572	484.0	650.0	4233	2	Ctrl_H2O2
129	10	270.8534818274355	157.0	586.0	4052	2	Ctrl_H2O2
129	10	270.8534818274355	211.0	564.0	5	2	Ctrl_H2O2
130	10	7111.769603097773	778.0	590.0	2486	1	Ctrl_H2O2
131	10	7622.313332094866	247.0	696.0	3737	12	Ctrl_H2O2
131	10	7622.313332094866	258.0	782.0	5861	12	Ctrl_H2O2
131	10	7622.313332094866	269.0	754.0	4892	12	Ctrl_H2O2
131	10	7622.313332094866	285.0	767.0	6036	12	Ctrl_H2O2
131	10	7622.313332094866	309.0	681.0	3178	12	Ctrl_H2O2
131	10	7622.313332094866	316.0	769.0	6918	12	Ctrl_H2O2
131	10	7622.313332094866	317.0	740.0	4059	12	Ctrl_H2O2
131	10	7622.313332094866	318.0	786.0	9290	12	Ctrl_H2O2
131	10	7622.313332094866	319.0	715.0	3264	12	Ctrl_H2O2
131	10	7622.313332094866	330.0	789.0	4875	12	Ctrl_H2O2
131	10	7622.313332094866	344.0	771.0	5647	12	Ctrl_H2O2
131	10	7622.313332094866	364.0	735.0	4338	12	Ctrl_H2O2
132	11	242.4554109334325	517.0	157.0	3655	1	Ctrl
133	11	248.97277556440903	165.0	91.0	2870	1	Ctrl
134	11	239.38955565080727	758.0	186.0	4395	1	Ctrl
135	11	251.2321548145172	319.0	280.0	2168	1	Ctrl
136	11	244.65387514561777	522.0	255.0	1760	1	Ctrl
137	11	239.21477946017117	161.0	414.0	782	1	Ctrl
138	11	254.29395173926667	580.0	467.0	3386	1	Ctrl
139	11	264.13864104323955	249.0	438.0	3	3	Ctrl
139	11	264.13864104323955	256.0	484.0	1183	3	Ctrl
139	11	264.13864104323955	357.0	434.0	35	3	Ctrl
140	11	248.5100538599641	717.0	523.0	5648	8	Ctrl
140	11	248.5100538599641	719.0	451.0	9081	8	Ctrl
140	11	248.5100538599641	737.0	503.0	7171	8	Ctrl
140	11	248.5100538599641	753.0	568.0	7930	8	Ctrl
140	11	248.5100538599641	755.0	554.0	8825	8	Ctrl
140	11	248.5100538599641	776.0	478.0	8008	8	Ctrl
140	11	248.5100538599641	785.0	466.0	70	8	Ctrl
140	11	248.5100538599641	817.0	571.0	33	8	Ctrl
141	11	250.70403555300695	385.0	553.0	3693	1	Ctrl
142	11	308.3439872153416	182.0	649.0	847	1	Ctrl
143	11	247.24661609400565	605.0	654.0	2034	1	Ctrl
144	11	266.42262172284643	605.0	654.0	2034	2	Ctrl
144	11	266.42262172284643	657.0	737.0	1065	2	Ctrl
145	11	12833.412894939634	38.0	752.0	7487	8	Ctrl
145	11	12833.412894939634	50.0	744.0	13523	8	Ctrl
145	11	12833.412894939634	60.0	710.0	6488	8	Ctrl
145	11	12833.412894939634	89.0	750.0	7154	8	Ctrl
145	11	12833.412894939634	91.0	686.0	8035	8	Ctrl
145	11	12833.412894939634	97.0	763.0	8268	8	Ctrl
145	11	12833.412894939634	107.0	735.0	7761	8	Ctrl
145	11	12833.412894939634	158.0	714.0	4910	8	Ctrl
146	11	257.5265826560286	311.0	814.0	1483	1	Ctrl
147	11	6435.7285468404225	803.0	803.0	15897	11	Ctrl
147	11	6435.7285468404225	815.0	837.0	2	11	Ctrl
147	11	6435.7285468404225	854.0	796.0	8182	11	Ctrl
147	11	6435.7285468404225	880.0	767.0	3276	11	Ctrl
147	11	6435.7285468404225	881.0	848.0	7224	11	Ctrl
147	11	6435.7285468404225	882.0	795.0	7217	11	Ctrl
147	11	6435.7285468404225	885.0	816.0	7194	11	Ctrl
147	11	6435.7285468404225	888.0	791.0	7449	11	Ctrl
147	11	6435.7285468404225	895.0	810.0	5751	11	Ctrl
147	11	6435.7285468404225	928.0	763.0	6604	11	Ctrl
147	11	6435.7285468404225	937.0	791.0	7353	11	Ctrl
148	11	248.3670123532103	523.0	857.0	773	1	Ctrl
149	12	345.34321256202844	808.0	153.0	753	1	Ctrl
150	12	13815.366620154098	265.0	243.0	9313	22	Ctrl
150	12	13815.366620154098	270.0	123.0	9235	22	Ctrl
150	12	13815.366620154098	281.0	177.0	7677	22	Ctrl
150	12	13815.366620154098	283.0	142.0	7506	22	Ctrl
150	12	13815.366620154098	288.0	136.0	8151	22	Ctrl
150	12	13815.366620154098	296.0	111.0	8243	22	Ctrl
150	12	13815.366620154098	301.0	207.0	8453	22	Ctrl
150	12	13815.366620154098	309.0	218.0	6449	22	Ctrl
150	12	13815.366620154098	310.0	158.0	7363	22	Ctrl
150	12	13815.366620154098	318.0	192.0	7502	22	Ctrl
150	12	13815.366620154098	319.0	106.0	7801	22	Ctrl
150	12	13815.366620154098	320.0	117.0	7311	22	Ctrl
150	12	13815.366620154098	328.0	142.0	6537	22	Ctrl
150	12	13815.366620154098	335.0	163.0	8745	22	Ctrl
150	12	13815.366620154098	354.0	161.0	15037	22	Ctrl
150	12	13815.366620154098	356.0	112.0	7866	22	Ctrl
150	12	13815.366620154098	357.0	154.0	6087	22	Ctrl
150	12	13815.366620154098	360.0	178.0	12185	22	Ctrl
150	12	13815.366620154098	371.0	196.0	9077	22	Ctrl
150	12	13815.366620154098	386.0	210.0	7238	22	Ctrl
150	12	13815.366620154098	398.0	190.0	2912	22	Ctrl
150	12	13815.366620154098	403.0	180.0	8854	22	Ctrl
151	12	15770.837078283656	116.0	223.0	6263	11	Ctrl
151	12	15770.837078283656	117.0	184.0	3392	11	Ctrl
151	12	15770.837078283656	121.0	165.0	8668	11	Ctrl
151	12	15770.837078283656	133.0	187.0	7293	11	Ctrl
151	12	15770.837078283656	142.0	233.0	8669	11	Ctrl
151	12	15770.837078283656	153.0	187.0	7070	11	Ctrl
151	12	15770.837078283656	156.0	182.0	8654	11	Ctrl
151	12	15770.837078283656	189.0	183.0	9340	11	Ctrl
151	12	15770.837078283656	198.0	204.0	9182	11	Ctrl
151	12	15770.837078283656	218.0	160.0	6826	11	Ctrl
151	12	15770.837078283656	222.0	164.0	8694	11	Ctrl
152	12	11259.23446984373	515.0	251.0	11295	21	Ctrl
152	12	11259.23446984373	517.0	295.0	4904	21	Ctrl
152	12	11259.23446984373	520.0	327.0	3577	21	Ctrl
152	12	11259.23446984373	530.0	332.0	11275	21	Ctrl
152	12	11259.23446984373	533.0	318.0	4536	21	Ctrl
152	12	11259.23446984373	535.0	297.0	4700	21	Ctrl
152	12	11259.23446984373	538.0	329.0	6003	21	Ctrl
152	12	11259.23446984373	543.0	336.0	10563	21	Ctrl
152	12	11259.23446984373	547.0	312.0	6562	21	Ctrl
152	12	11259.23446984373	550.0	300.0	6785	21	Ctrl
152	12	11259.23446984373	552.0	238.0	6545	21	Ctrl
152	12	11259.23446984373	556.0	211.0	11501	21	Ctrl
152	12	11259.23446984373	560.0	281.0	6351	21	Ctrl
152	12	11259.23446984373	571.0	328.0	11385	21	Ctrl
152	12	11259.23446984373	572.0	323.0	9722	21	Ctrl
152	12	11259.23446984373	588.0	214.0	10852	21	Ctrl
152	12	11259.23446984373	589.0	205.0	11326	21	Ctrl
152	12	11259.23446984373	591.0	192.0	8321	21	Ctrl
152	12	11259.23446984373	595.0	233.0	2748	21	Ctrl
152	12	11259.23446984373	613.0	230.0	5506	21	Ctrl
152	12	11259.23446984373	616.0	238.0	13142	21	Ctrl
153	12	9712.1984277582	724.0	294.0	9833	21	Ctrl
153	12	9712.1984277582	724.0	301.0	6511	21	Ctrl
153	12	9712.1984277582	728.0	278.0	12698	21	Ctrl
153	12	9712.1984277582	731.0	238.0	7309	21	Ctrl
153	12	9712.1984277582	752.0	326.0	7473	21	Ctrl
153	12	9712.1984277582	753.0	335.0	6877	21	Ctrl
153	12	9712.1984277582	754.0	224.0	7218	21	Ctrl
153	12	9712.1984277582	773.0	224.0	3984	21	Ctrl
153	12	9712.1984277582	780.0	308.0	7540	21	Ctrl
153	12	9712.1984277582	782.0	267.0	8220	21	Ctrl
153	12	9712.1984277582	791.0	311.0	3246	21	Ctrl
153	12	9712.1984277582	791.0	340.0	8375	21	Ctrl
153	12	9712.1984277582	794.0	298.0	10380	21	Ctrl
153	12	9712.1984277582	798.0	268.0	9962	21	Ctrl
153	12	9712.1984277582	801.0	335.0	11035	21	Ctrl
153	12	9712.1984277582	809.0	245.0	8473	21	Ctrl
153	12	9712.1984277582	809.0	315.0	10714	21	Ctrl
153	12	9712.1984277582	815.0	332.0	5454	21	Ctrl
153	12	9712.1984277582	820.0	254.0	8001	21	Ctrl
153	12	9712.1984277582	820.0	308.0	4904	21	Ctrl
153	12	9712.1984277582	820.0	326.0	8613	21	Ctrl
154	12	12196.672418211327	165.0	295.0	6974	5	Ctrl
154	12	12196.672418211327	189.0	300.0	3494	5	Ctrl
154	12	12196.672418211327	228.0	257.0	7289	5	Ctrl
154	12	12196.672418211327	233.0	263.0	6845	5	Ctrl
154	12	12196.672418211327	265.0	243.0	9313	5	Ctrl
155	12	2988.131989068617	389.0	368.0	1	6	Ctrl
155	12	2988.131989068617	389.0	397.0	5884	6	Ctrl
155	12	2988.131989068617	404.0	470.0	6314	6	Ctrl
155	12	2988.131989068617	446.0	416.0	10310	6	Ctrl
155	12	2988.131989068617	453.0	434.0	13349	6	Ctrl
155	12	2988.131989068617	467.0	389.0	4287	6	Ctrl
156	12	355.3026894451962	201.0	464.0	676	1	Ctrl
157	12	275.5323441670592	547.0	513.0	911	1	Ctrl
158	12	253.1505199781062	707.0	627.0	4395	3	Ctrl
158	12	253.1505199781062	751.0	526.0	4	3	Ctrl
158	12	253.1505199781062	780.0	553.0	18	3	Ctrl
159	12	272.216088199265	447.0	596.0	1516	1	Ctrl
160	12	243.2869442705072	79.0	651.0	2642	1	Ctrl
161	12	246.11715449028193	391.0	682.0	2604	1	Ctrl
162	12	254.38977455716585	544.0	764.0	13	2	Ctrl
162	12	254.38977455716585	579.0	669.0	4610	2	Ctrl
163	12	263.2117446934398	628.0	863.0	870	1	Ctrl
164	13	245.83704689058862	555.0	119.0	3396	1	Ctrl
165	13	258.77912276769035	202.0	128.0	10	2	Ctrl
165	13	258.77912276769035	328.0	148.0	2521	2	Ctrl
166	13	250.02476395560709	873.0	183.0	812	1	Ctrl
167	13	254.94774298495324	308.0	273.0	7	2	Ctrl
167	13	254.94774298495324	309.0	339.0	912	2	Ctrl
168	13	276.20522807928677	805.0	313.0	905	1	Ctrl
169	13	280.3912497646099	434.0	421.0	1606	1	Ctrl
170	13	728.5790538530199	184.0	499.0	8518	4	Ctrl
170	13	728.5790538530199	230.0	499.0	4283	4	Ctrl
170	13	728.5790538530199	257.0	430.0	8214	4	Ctrl
170	13	728.5790538530199	283.0	423.0	7687	4	Ctrl
171	13	4551.638821510975	778.0	489.0	6161	3	Ctrl
171	13	4551.638821510975	830.0	416.0	6311	3	Ctrl
171	13	4551.638821510975	863.0	443.0	2576	3	Ctrl
172	13	763.7898175397293	527.0	537.0	9056	2	Ctrl
172	13	763.7898175397293	612.0	600.0	7641	2	Ctrl
173	13	7561.970747200089	388.0	666.0	10120	5	Ctrl
173	13	7561.970747200089	413.0	651.0	6637	5	Ctrl
173	13	7561.970747200089	436.0	596.0	5264	5	Ctrl
173	13	7561.970747200089	439.0	658.0	12696	5	Ctrl
173	13	7561.970747200089	448.0	568.0	5741	5	Ctrl
174	13	280.51962562577086	141.0	620.0	1229	1	Ctrl
175	13	292.50934511735727	614.0	658.0	1342	1	Ctrl
176	13	293.62320307754607	778.0	735.0	715	1	Ctrl
177	13	259.47429237782256	115.0	874.0	2390	1	Ctrl
178	13	265.29425451942006	291.0	818.0	14	2	Ctrl
178	13	265.29425451942006	294.0	930.0	2615	2	Ctrl
179	13	263.9567519858782	661.0	873.0	4008	1	Ctrl
180	14	207.43075380441195	44.0	130.0	1098	1	Ctrl
181	14	238.62456622798402	365.0	133.0	3	3	Ctrl
181	14	238.62456622798402	406.0	114.0	1511	3	Ctrl
181	14	238.62456622798402	426.0	33.0	25	3	Ctrl
182	14	9891.50229755179	518.0	238.0	7879	7	Ctrl
182	14	9891.50229755179	523.0	272.0	7460	7	Ctrl
182	14	9891.50229755179	537.0	172.0	6263	7	Ctrl
182	14	9891.50229755179	544.0	326.0	4800	7	Ctrl
182	14	9891.50229755179	547.0	250.0	8069	7	Ctrl
182	14	9891.50229755179	579.0	286.0	7040	7	Ctrl
182	14	9891.50229755179	582.0	192.0	5987	7	Ctrl
183	14	217.03160673045198	181.0	211.0	1800	1	Ctrl
184	14	260.716396703609	391.0	322.0	1692	1	Ctrl
185	14	8729.141956961123	653.0	473.0	8287	13	Ctrl
185	14	8729.141956961123	660.0	422.0	8230	13	Ctrl
185	14	8729.141956961123	666.0	458.0	9235	13	Ctrl
185	14	8729.141956961123	668.0	476.0	9961	13	Ctrl
185	14	8729.141956961123	690.0	502.0	5691	13	Ctrl
185	14	8729.141956961123	693.0	462.0	8697	13	Ctrl
185	14	8729.141956961123	696.0	471.0	10589	13	Ctrl
185	14	8729.141956961123	699.0	429.0	9757	13	Ctrl
185	14	8729.141956961123	701.0	412.0	8668	13	Ctrl
185	14	8729.141956961123	708.0	531.0	9100	13	Ctrl
185	14	8729.141956961123	714.0	524.0	6077	13	Ctrl
185	14	8729.141956961123	718.0	438.0	3805	13	Ctrl
185	14	8729.141956961123	743.0	478.0	8312	13	Ctrl
186	14	280.3615604819919	413.0	460.0	1873	1	Ctrl
187	14	6135.105493807558	429.0	555.0	9925	11	Ctrl
187	14	6135.105493807558	431.0	606.0	9314	11	Ctrl
187	14	6135.105493807558	432.0	547.0	7796	11	Ctrl
187	14	6135.105493807558	440.0	581.0	6486	11	Ctrl
187	14	6135.105493807558	453.0	560.0	11627	11	Ctrl
187	14	6135.105493807558	457.0	571.0	6937	11	Ctrl
187	14	6135.105493807558	484.0	640.0	5861	11	Ctrl
187	14	6135.105493807558	500.0	509.0	3545	11	Ctrl
187	14	6135.105493807558	503.0	607.0	8663	11	Ctrl
187	14	6135.105493807558	503.0	634.0	7057	11	Ctrl
187	14	6135.105493807558	505.0	587.0	7110	11	Ctrl
188	14	264.73781772223003	155.0	640.0	691	1	Ctrl
189	14	258.5477460656175	332.0	679.0	2904	1	Ctrl
190	14	12900.48048243419	96.0	762.0	7925	4	Ctrl
190	14	12900.48048243419	102.0	787.0	7301	4	Ctrl
190	14	12900.48048243419	122.0	853.0	5599	4	Ctrl
190	14	12900.48048243419	138.0	754.0	11682	4	Ctrl
191	14	373.2002099055425	314.0	875.0	3141	1	Ctrl
192	14	274.3649479027518	522.0	921.0	31	3	Ctrl
192	14	274.3649479027518	570.0	797.0	5929	3	Ctrl
192	14	274.3649479027518	609.0	840.0	8842	3	Ctrl
193	14	308.4495122771611	731.0	906.0	905	1	Ctrl
194	15	208.31767141333668	615.0	99.0	2468	1	Ctrl
195	15	203.91295715109203	339.0	256.0	1819	1	Ctrl
196	15	205.6837908576298	538.0	328.0	684	1	Ctrl
197	15	209.13504340447753	806.0	363.0	1815	1	Ctrl
198	15	219.56513057642795	395.0	419.0	7656	2	Ctrl
198	15	219.56513057642795	481.0	509.0	6910	2	Ctrl
199	15	277.1366579249303	144.0	578.0	2673	2	Ctrl
199	15	277.1366579249303	227.0	510.0	9	2	Ctrl
200	15	207.19255472538995	610.0	539.0	2613	1	Ctrl
201	15	212.45111564299424	865.0	683.0	1889	1	Ctrl
202	15	205.36661391646285	466.0	678.0	91	2	Ctrl
202	15	205.36661391646285	544.0	784.0	7478	2	Ctrl
203	15	217.5236819235226	812.0	904.0	1128	1	Ctrl
204	16	201.3604938271605	370.0	95.0	1095	1	shSTN1_Etoposide
205	16	208.8533082470994	628.0	175.0	1276	1	shSTN1_Etoposide
206	16	195.03345409697064	873.0	293.0	2191	1	shSTN1_Etoposide
207	16	250.26025868294926	88.0	321.0	1986	1	shSTN1_Etoposide
208	16	206.63796055552032	478.0	331.0	5030	1	shSTN1_Etoposide
209	16	210.78139475855068	302.0	368.0	1550	1	shSTN1_Etoposide
210	16	204.92298347910594	676.0	421.0	1822	1	shSTN1_Etoposide
211	16	254.3109425785482	839.0	488.0	6640	1	shSTN1_Etoposide
212	16	296.7762551060746	362.0	519.0	1356	1	shSTN1_Etoposide
213	16	285.56204431230975	574.0	506.0	1217	1	shSTN1_Etoposide
214	16	328.9275350233489	798.0	670.0	4750	1	shSTN1_Etoposide
215	16	16208.00535062319	190.0	768.0	9962	5	shSTN1_Etoposide
215	16	16208.00535062319	195.0	758.0	4011	5	shSTN1_Etoposide
215	16	16208.00535062319	202.0	729.0	2630	5	shSTN1_Etoposide
215	16	16208.00535062319	212.0	684.0	7663	5	shSTN1_Etoposide
215	16	16208.00535062319	241.0	732.0	6960	5	shSTN1_Etoposide
216	16	18474.42090940016	418.0	729.0	5720	9	shSTN1_Etoposide
216	16	18474.42090940016	441.0	789.0	5905	9	shSTN1_Etoposide
216	16	18474.42090940016	448.0	767.0	6575	9	shSTN1_Etoposide
216	16	18474.42090940016	496.0	806.0	10041	9	shSTN1_Etoposide
216	16	18474.42090940016	498.0	715.0	9995	9	shSTN1_Etoposide
216	16	18474.42090940016	517.0	748.0	10392	9	shSTN1_Etoposide
216	16	18474.42090940016	518.0	757.0	3100	9	shSTN1_Etoposide
216	16	18474.42090940016	520.0	803.0	36	9	shSTN1_Etoposide
216	16	18474.42090940016	525.0	709.0	6644	9	shSTN1_Etoposide
217	16	9492.861842784836	591.0	774.0	7659	20	shSTN1_Etoposide
217	16	9492.861842784836	592.0	837.0	7885	20	shSTN1_Etoposide
217	16	9492.861842784836	600.0	794.0	7317	20	shSTN1_Etoposide
217	16	9492.861842784836	601.0	814.0	3451	20	shSTN1_Etoposide
217	16	9492.861842784836	603.0	835.0	6351	20	shSTN1_Etoposide
217	16	9492.861842784836	619.0	718.0	8292	20	shSTN1_Etoposide
217	16	9492.861842784836	622.0	760.0	7222	20	shSTN1_Etoposide
217	16	9492.861842784836	624.0	778.0	7822	20	shSTN1_Etoposide
217	16	9492.861842784836	624.0	824.0	3712	20	shSTN1_Etoposide
217	16	9492.861842784836	630.0	781.0	7659	20	shSTN1_Etoposide
217	16	9492.861842784836	636.0	728.0	7237	20	shSTN1_Etoposide
217	16	9492.861842784836	643.0	844.0	8355	20	shSTN1_Etoposide
217	16	9492.861842784836	655.0	818.0	8233	20	shSTN1_Etoposide
217	16	9492.861842784836	656.0	832.0	7307	20	shSTN1_Etoposide
217	16	9492.861842784836	659.0	708.0	9412	20	shSTN1_Etoposide
217	16	9492.861842784836	671.0	701.0	9197	20	shSTN1_Etoposide
217	16	9492.861842784836	677.0	735.0	9883	20	shSTN1_Etoposide
217	16	9492.861842784836	688.0	725.0	15727	20	shSTN1_Etoposide
217	16	9492.861842784836	694.0	723.0	9915	20	shSTN1_Etoposide
217	16	9492.861842784836	703.0	752.0	2956	20	shSTN1_Etoposide
218	16	340.1706268958544	317.0	863.0	1690	1	shSTN1_Etoposide
219	17	208.4415015015015	306.0	340.0	2655	1	shSTN1_Etoposide
220	17	214.73899826288363	527.0	274.0	2229	1	shSTN1_Etoposide
221	17	203.75292225864308	121.0	263.0	1802	1	shSTN1_Etoposide
222	17	230.45041937229436	689.0	330.0	2043	1	shSTN1_Etoposide
223	17	216.1193371969635	415.0	455.0	2814	1	shSTN1_Etoposide
224	17	262.68466912630504	589.0	439.0	1726	1	shSTN1_Etoposide
225	17	2924.9987317342157	781.0	511.0	2934	9	shSTN1_Etoposide
225	17	2924.9987317342157	786.0	474.0	12793	9	shSTN1_Etoposide
225	17	2924.9987317342157	794.0	542.0	8700	9	shSTN1_Etoposide
225	17	2924.9987317342157	821.0	556.0	7987	9	shSTN1_Etoposide
225	17	2924.9987317342157	826.0	459.0	9156	9	shSTN1_Etoposide
225	17	2924.9987317342157	847.0	463.0	19679	9	shSTN1_Etoposide
225	17	2924.9987317342157	862.0	468.0	7477	9	shSTN1_Etoposide
225	17	2924.9987317342157	868.0	554.0	8632	9	shSTN1_Etoposide
225	17	2924.9987317342157	877.0	533.0	6667	9	shSTN1_Etoposide
226	17	207.6922377657694	213.0	624.0	10	3	shSTN1_Etoposide
226	17	207.6922377657694	232.0	481.0	5863	3	shSTN1_Etoposide
226	17	207.6922377657694	275.0	496.0	102	3	shSTN1_Etoposide
227	17	208.04284638990214	43.0	568.0	3604	1	shSTN1_Etoposide
228	17	8139.100323852436	510.0	581.0	6709	2	shSTN1_Etoposide
228	17	8139.100323852436	514.0	601.0	2526	2	shSTN1_Etoposide
229	17	263.77276273933137	397.0	597.0	1736	1	shSTN1_Etoposide
230	17	358.806173594132	634.0	756.0	8194	22	shSTN1_Etoposide
230	17	358.806173594132	637.0	776.0	8025	22	shSTN1_Etoposide
230	17	358.806173594132	652.0	726.0	7944	22	shSTN1_Etoposide
230	17	358.806173594132	664.0	717.0	11152	22	shSTN1_Etoposide
230	17	358.806173594132	664.0	800.0	5584	22	shSTN1_Etoposide
230	17	358.806173594132	668.0	734.0	11281	22	shSTN1_Etoposide
230	17	358.806173594132	672.0	737.0	9585	22	shSTN1_Etoposide
230	17	358.806173594132	678.0	787.0	6564	22	shSTN1_Etoposide
230	17	358.806173594132	679.0	740.0	6938	22	shSTN1_Etoposide
230	17	358.806173594132	681.0	771.0	17384	22	shSTN1_Etoposide
230	17	358.806173594132	682.0	706.0	7437	22	shSTN1_Etoposide
230	17	358.806173594132	690.0	788.0	12623	22	shSTN1_Etoposide
230	17	358.806173594132	700.0	765.0	8330	22	shSTN1_Etoposide
230	17	358.806173594132	700.0	795.0	6194	22	shSTN1_Etoposide
230	17	358.806173594132	705.0	783.0	3163	22	shSTN1_Etoposide
230	17	358.806173594132	711.0	804.0	5599	22	shSTN1_Etoposide
230	17	358.806173594132	721.0	775.0	2953	22	shSTN1_Etoposide
230	17	358.806173594132	727.0	717.0	9245	22	shSTN1_Etoposide
230	17	358.806173594132	728.0	729.0	6757	22	shSTN1_Etoposide
230	17	358.806173594132	733.0	783.0	6942	22	shSTN1_Etoposide
230	17	358.806173594132	734.0	745.0	3903	22	shSTN1_Etoposide
230	17	358.806173594132	739.0	755.0	9341	22	shSTN1_Etoposide
231	17	1194.7527078820196	121.0	744.0	6338	1	shSTN1_Etoposide
232	17	14708.166963226571	459.0	903.0	7446	9	shSTN1_Etoposide
232	17	14708.166963226571	477.0	838.0	7311	9	shSTN1_Etoposide
232	17	14708.166963226571	478.0	872.0	7751	9	shSTN1_Etoposide
232	17	14708.166963226571	484.0	881.0	7107	9	shSTN1_Etoposide
232	17	14708.166963226571	507.0	932.0	8463	9	shSTN1_Etoposide
232	17	14708.166963226571	512.0	850.0	8810	9	shSTN1_Etoposide
232	17	14708.166963226571	522.0	942.0	15130	9	shSTN1_Etoposide
232	17	14708.166963226571	526.0	926.0	7506	9	shSTN1_Etoposide
232	17	14708.166963226571	551.0	871.0	5193	9	shSTN1_Etoposide
233	18	222.7129700106561	458.0	140.0	5611	1	shSTN1_Etoposide
234	18	195.15657047460053	645.0	69.0	56	2	shSTN1_Etoposide
234	18	195.15657047460053	705.0	150.0	903	2	shSTN1_Etoposide
235	18	7558.840760204449	49.0	151.0	5143	1	shSTN1_Etoposide
236	18	228.90209545167846	154.0	300.0	4773	1	shSTN1_Etoposide
237	18	213.10475534114403	453.0	329.0	3360	1	shSTN1_Etoposide
238	18	207.49742302997424	299.0	405.0	2667	2	shSTN1_Etoposide
238	18	207.49742302997424	362.0	487.0	211	2	shSTN1_Etoposide
239	18	199.0732465128578	734.0	402.0	5731	1	shSTN1_Etoposide
240	18	209.46553076210165	91.0	435.0	1142	1	shSTN1_Etoposide
241	18	197.02953709649174	905.0	482.0	2366	1	shSTN1_Etoposide
242	18	238.12653790638532	368.0	619.0	2207	1	shSTN1_Etoposide
243	18	11200.06210378023	544.0	575.0	4194	4	shSTN1_Etoposide
243	18	11200.06210378023	557.0	634.0	8452	4	shSTN1_Etoposide
243	18	11200.06210378023	590.0	575.0	5624	4	shSTN1_Etoposide
243	18	11200.06210378023	648.0	586.0	7424	4	shSTN1_Etoposide
244	18	205.6072444418645	823.0	711.0	2096	1	shSTN1_Etoposide
245	18	202.00074995312792	205.0	755.0	2692	1	shSTN1_Etoposide
246	18	11341.709861183866	569.0	838.0	7635	6	shSTN1_Etoposide
246	18	11341.709861183866	587.0	799.0	3201	6	shSTN1_Etoposide
246	18	11341.709861183866	611.0	813.0	4019	6	shSTN1_Etoposide
246	18	11341.709861183866	639.0	897.0	8762	6	shSTN1_Etoposide
246	18	11341.709861183866	640.0	805.0	25	6	shSTN1_Etoposide
246	18	11341.709861183866	669.0	883.0	7289	6	shSTN1_Etoposide
247	19	213.36234576091283	539.0	199.0	1364	1	shSTN1_Etoposide
248	19	6227.43028019007	109.0	152.0	107	23	shSTN1_Etoposide
248	19	6227.43028019007	113.0	183.0	9316	23	shSTN1_Etoposide
248	19	6227.43028019007	115.0	208.0	6533	23	shSTN1_Etoposide
248	19	6227.43028019007	125.0	193.0	3336	23	shSTN1_Etoposide
248	19	6227.43028019007	127.0	206.0	7115	23	shSTN1_Etoposide
248	19	6227.43028019007	128.0	240.0	6368	23	shSTN1_Etoposide
248	19	6227.43028019007	129.0	224.0	6762	23	shSTN1_Etoposide
248	19	6227.43028019007	143.0	182.0	7283	23	shSTN1_Etoposide
248	19	6227.43028019007	148.0	242.0	6496	23	shSTN1_Etoposide
248	19	6227.43028019007	154.0	124.0	8000	23	shSTN1_Etoposide
248	19	6227.43028019007	158.0	230.0	8752	23	shSTN1_Etoposide
248	19	6227.43028019007	159.0	197.0	8628	23	shSTN1_Etoposide
248	19	6227.43028019007	160.0	157.0	3042	23	shSTN1_Etoposide
248	19	6227.43028019007	167.0	168.0	9955	23	shSTN1_Etoposide
248	19	6227.43028019007	172.0	119.0	6059	23	shSTN1_Etoposide
248	19	6227.43028019007	172.0	177.0	9129	23	shSTN1_Etoposide
248	19	6227.43028019007	178.0	188.0	3193	23	shSTN1_Etoposide
248	19	6227.43028019007	178.0	219.0	7377	23	shSTN1_Etoposide
248	19	6227.43028019007	202.0	202.0	6860	23	shSTN1_Etoposide
248	19	6227.43028019007	207.0	235.0	2724	23	shSTN1_Etoposide
248	19	6227.43028019007	218.0	132.0	7948	23	shSTN1_Etoposide
248	19	6227.43028019007	223.0	215.0	6465	23	shSTN1_Etoposide
248	19	6227.43028019007	237.0	187.0	6315	23	shSTN1_Etoposide
249	19	8790.678355574173	712.0	289.0	7459	14	shSTN1_Etoposide
249	19	8790.678355574173	732.0	292.0	5936	14	shSTN1_Etoposide
249	19	8790.678355574173	752.0	264.0	5865	14	shSTN1_Etoposide
249	19	8790.678355574173	756.0	285.0	5829	14	shSTN1_Etoposide
249	19	8790.678355574173	758.0	310.0	9137	14	shSTN1_Etoposide
249	19	8790.678355574173	763.0	269.0	7442	14	shSTN1_Etoposide
249	19	8790.678355574173	766.0	331.0	5983	14	shSTN1_Etoposide
249	19	8790.678355574173	771.0	312.0	11948	14	shSTN1_Etoposide
249	19	8790.678355574173	784.0	297.0	4469	14	shSTN1_Etoposide
249	19	8790.678355574173	812.0	234.0	7901	14	shSTN1_Etoposide
249	19	8790.678355574173	814.0	274.0	2941	14	shSTN1_Etoposide
249	19	8790.678355574173	818.0	316.0	9579	14	shSTN1_Etoposide
249	19	8790.678355574173	836.0	219.0	10027	14	shSTN1_Etoposide
249	19	8790.678355574173	869.0	269.0	7265	14	shSTN1_Etoposide
250	19	9863.27472125754	184.0	324.0	3868	11	shSTN1_Etoposide
250	19	9863.27472125754	188.0	392.0	8317	11	shSTN1_Etoposide
250	19	9863.27472125754	204.0	379.0	6983	11	shSTN1_Etoposide
250	19	9863.27472125754	214.0	417.0	5051	11	shSTN1_Etoposide
250	19	9863.27472125754	215.0	371.0	7554	11	shSTN1_Etoposide
250	19	9863.27472125754	220.0	305.0	5942	11	shSTN1_Etoposide
250	19	9863.27472125754	232.0	394.0	10037	11	shSTN1_Etoposide
250	19	9863.27472125754	247.0	391.0	9585	11	shSTN1_Etoposide
250	19	9863.27472125754	266.0	377.0	7839	11	shSTN1_Etoposide
250	19	9863.27472125754	272.0	303.0	6253	11	shSTN1_Etoposide
250	19	9863.27472125754	301.0	352.0	9070	11	shSTN1_Etoposide
251	19	242.3620743323165	573.0	359.0	3942	1	shSTN1_Etoposide
252	19	341.58880591806826	733.0	531.0	5875	1	shSTN1_Etoposide
253	19	258.7032956685499	90.0	562.0	1563	1	shSTN1_Etoposide
254	19	1966.8638229004105	396.0	548.0	7081	15	shSTN1_Etoposide
254	19	1966.8638229004105	397.0	563.0	6438	15	shSTN1_Etoposide
254	19	1966.8638229004105	414.0	582.0	4278	15	shSTN1_Etoposide
254	19	1966.8638229004105	425.0	609.0	6200	15	shSTN1_Etoposide
254	19	1966.8638229004105	428.0	575.0	11097	15	shSTN1_Etoposide
254	19	1966.8638229004105	428.0	632.0	11241	15	shSTN1_Etoposide
254	19	1966.8638229004105	432.0	564.0	6964	15	shSTN1_Etoposide
254	19	1966.8638229004105	435.0	551.0	8195	15	shSTN1_Etoposide
254	19	1966.8638229004105	438.0	611.0	10320	15	shSTN1_Etoposide
254	19	1966.8638229004105	446.0	591.0	8181	15	shSTN1_Etoposide
254	19	1966.8638229004105	450.0	605.0	3582	15	shSTN1_Etoposide
254	19	1966.8638229004105	456.0	548.0	7757	15	shSTN1_Etoposide
254	19	1966.8638229004105	460.0	609.0	7238	15	shSTN1_Etoposide
254	19	1966.8638229004105	462.0	597.0	18420	15	shSTN1_Etoposide
254	19	1966.8638229004105	489.0	572.0	6867	15	shSTN1_Etoposide
255	19	10305.610609989852	627.0	659.0	10992	7	shSTN1_Etoposide
255	19	10305.610609989852	639.0	673.0	2929	7	shSTN1_Etoposide
255	19	10305.610609989852	646.0	637.0	3536	7	shSTN1_Etoposide
255	19	10305.610609989852	683.0	638.0	6461	7	shSTN1_Etoposide
255	19	10305.610609989852	692.0	735.0	3331	7	shSTN1_Etoposide
255	19	10305.610609989852	703.0	664.0	3470	7	shSTN1_Etoposide
255	19	10305.610609989852	720.0	706.0	8798	7	shSTN1_Etoposide
256	19	9419.227372544365	90.0	759.0	8723	6	shSTN1_Etoposide
256	19	9419.227372544365	102.0	804.0	8595	6	shSTN1_Etoposide
256	19	9419.227372544365	105.0	744.0	5384	6	shSTN1_Etoposide
256	19	9419.227372544365	110.0	785.0	9561	6	shSTN1_Etoposide
256	19	9419.227372544365	179.0	695.0	1	6	shSTN1_Etoposide
256	19	9419.227372544365	181.0	762.0	7209	6	shSTN1_Etoposide
257	19	10434.310857866414	437.0	734.0	2878	13	shSTN1_Etoposide
257	19	10434.310857866414	438.0	779.0	6090	13	shSTN1_Etoposide
257	19	10434.310857866414	438.0	807.0	3827	13	shSTN1_Etoposide
257	19	10434.310857866414	449.0	768.0	5238	13	shSTN1_Etoposide
257	19	10434.310857866414	456.0	729.0	2592	13	shSTN1_Etoposide
257	19	10434.310857866414	465.0	758.0	6695	13	shSTN1_Etoposide
257	19	10434.310857866414	466.0	817.0	9171	13	shSTN1_Etoposide
257	19	10434.310857866414	479.0	818.0	7994	13	shSTN1_Etoposide
257	19	10434.310857866414	485.0	755.0	7919	13	shSTN1_Etoposide
257	19	10434.310857866414	497.0	769.0	8321	13	shSTN1_Etoposide
257	19	10434.310857866414	525.0	803.0	6339	13	shSTN1_Etoposide
257	19	10434.310857866414	537.0	847.0	6941	13	shSTN1_Etoposide
257	19	10434.310857866414	554.0	757.0	9816	13	shSTN1_Etoposide
258	19	282.8995986206117	804.0	869.0	1316	1	shSTN1_Etoposide
259	20	9809.60718113612	357.0	96.0	8722	11	shSTN1_Etoposide
259	20	9809.60718113612	375.0	37.0	8152	11	shSTN1_Etoposide
259	20	9809.60718113612	378.0	137.0	9	11	shSTN1_Etoposide
259	20	9809.60718113612	384.0	130.0	9218	11	shSTN1_Etoposide
259	20	9809.60718113612	399.0	82.0	8375	11	shSTN1_Etoposide
259	20	9809.60718113612	432.0	119.0	8123	11	shSTN1_Etoposide
259	20	9809.60718113612	436.0	46.0	2788	11	shSTN1_Etoposide
259	20	9809.60718113612	440.0	80.0	6036	11	shSTN1_Etoposide
259	20	9809.60718113612	451.0	96.0	4648	11	shSTN1_Etoposide
259	20	9809.60718113612	469.0	76.0	5749	11	shSTN1_Etoposide
259	20	9809.60718113612	471.0	40.0	3312	11	shSTN1_Etoposide
260	20	315.64269935939916	214.0	56.0	6891	2	shSTN1_Etoposide
260	20	315.64269935939916	233.0	83.0	10397	2	shSTN1_Etoposide
261	20	2694.2132468113673	779.0	214.0	6881	7	shSTN1_Etoposide
261	20	2694.2132468113673	781.0	157.0	4975	7	shSTN1_Etoposide
261	20	2694.2132468113673	805.0	214.0	10047	7	shSTN1_Etoposide
261	20	2694.2132468113673	819.0	195.0	3296	7	shSTN1_Etoposide
261	20	2694.2132468113673	823.0	225.0	8292	7	shSTN1_Etoposide
261	20	2694.2132468113673	824.0	211.0	9706	7	shSTN1_Etoposide
261	20	2694.2132468113673	841.0	232.0	12729	7	shSTN1_Etoposide
262	20	8312.732836570663	414.0	193.0	8325	11	shSTN1_Etoposide
262	20	8312.732836570663	415.0	187.0	8950	11	shSTN1_Etoposide
262	20	8312.732836570663	420.0	197.0	5732	11	shSTN1_Etoposide
262	20	8312.732836570663	443.0	239.0	7040	11	shSTN1_Etoposide
262	20	8312.732836570663	454.0	194.0	8200	11	shSTN1_Etoposide
262	20	8312.732836570663	463.0	232.0	7268	11	shSTN1_Etoposide
262	20	8312.732836570663	469.0	217.0	3343	11	shSTN1_Etoposide
262	20	8312.732836570663	473.0	241.0	3172	11	shSTN1_Etoposide
262	20	8312.732836570663	482.0	192.0	6726	11	shSTN1_Etoposide
262	20	8312.732836570663	486.0	201.0	10069	11	shSTN1_Etoposide
262	20	8312.732836570663	501.0	237.0	69	11	shSTN1_Etoposide
263	20	253.08284784098697	608.0	250.0	1155	1	shSTN1_Etoposide
264	20	11977.231878172588	105.0	252.0	2573	6	shSTN1_Etoposide
264	20	11977.231878172588	169.0	317.0	7382	6	shSTN1_Etoposide
264	20	11977.231878172588	191.0	270.0	7038	6	shSTN1_Etoposide
264	20	11977.231878172588	197.0	230.0	3065	6	shSTN1_Etoposide
264	20	11977.231878172588	204.0	262.0	6623	6	shSTN1_Etoposide
264	20	11977.231878172588	214.0	274.0	6765	6	shSTN1_Etoposide
265	20	325.5723475222363	408.0	369.0	1634	1	shSTN1_Etoposide
266	20	282.9619786176781	601.0	379.0	9658	8	shSTN1_Etoposide
266	20	282.9619786176781	618.0	423.0	3326	8	shSTN1_Etoposide
266	20	282.9619786176781	633.0	400.0	8865	8	shSTN1_Etoposide
266	20	282.9619786176781	660.0	400.0	9480	8	shSTN1_Etoposide
266	20	282.9619786176781	665.0	446.0	8121	8	shSTN1_Etoposide
266	20	282.9619786176781	696.0	417.0	8472	8	shSTN1_Etoposide
266	20	282.9619786176781	711.0	430.0	12855	8	shSTN1_Etoposide
266	20	282.9619786176781	720.0	435.0	10777	8	shSTN1_Etoposide
267	20	240.34086488104145	760.0	478.0	1629	1	shSTN1_Etoposide
268	20	6980.085633913385	389.0	509.0	7913	14	shSTN1_Etoposide
268	20	6980.085633913385	395.0	604.0	14082	14	shSTN1_Etoposide
268	20	6980.085633913385	406.0	483.0	3161	14	shSTN1_Etoposide
268	20	6980.085633913385	423.0	562.0	6898	14	shSTN1_Etoposide
268	20	6980.085633913385	428.0	480.0	2695	14	shSTN1_Etoposide
268	20	6980.085633913385	429.0	552.0	4979	14	shSTN1_Etoposide
268	20	6980.085633913385	434.0	527.0	7031	14	shSTN1_Etoposide
268	20	6980.085633913385	441.0	484.0	6904	14	shSTN1_Etoposide
268	20	6980.085633913385	462.0	523.0	6523	14	shSTN1_Etoposide
268	20	6980.085633913385	467.0	515.0	9733	14	shSTN1_Etoposide
268	20	6980.085633913385	467.0	530.0	6997	14	shSTN1_Etoposide
268	20	6980.085633913385	474.0	589.0	12221	14	shSTN1_Etoposide
268	20	6980.085633913385	484.0	537.0	8624	14	shSTN1_Etoposide
268	20	6980.085633913385	498.0	527.0	12188	14	shSTN1_Etoposide
269	20	12234.70580027905	71.0	576.0	6167	5	shSTN1_Etoposide
269	20	12234.70580027905	96.0	574.0	5598	5	shSTN1_Etoposide
269	20	12234.70580027905	116.0	508.0	5057	5	shSTN1_Etoposide
269	20	12234.70580027905	143.0	511.0	31	5	shSTN1_Etoposide
269	20	12234.70580027905	145.0	639.0	10690	5	shSTN1_Etoposide
270	20	306.74711847637894	340.0	574.0	7	12	shSTN1_Etoposide
270	20	306.74711847637894	341.0	682.0	5840	12	shSTN1_Etoposide
270	20	306.74711847637894	344.0	613.0	8048	12	shSTN1_Etoposide
270	20	306.74711847637894	348.0	600.0	10535	12	shSTN1_Etoposide
270	20	306.74711847637894	369.0	572.0	18	12	shSTN1_Etoposide
270	20	306.74711847637894	381.0	745.0	6571	12	shSTN1_Etoposide
270	20	306.74711847637894	395.0	604.0	14082	12	shSTN1_Etoposide
270	20	306.74711847637894	403.0	718.0	5943	12	shSTN1_Etoposide
270	20	306.74711847637894	404.0	619.0	6789	12	shSTN1_Etoposide
270	20	306.74711847637894	406.0	638.0	8838	12	shSTN1_Etoposide
270	20	306.74711847637894	422.0	649.0	3960	12	shSTN1_Etoposide
270	20	306.74711847637894	433.0	706.0	6244	12	shSTN1_Etoposide
271	20	3019.907295338166	528.0	687.0	6718	13	shSTN1_Etoposide
271	20	3019.907295338166	540.0	729.0	6353	13	shSTN1_Etoposide
271	20	3019.907295338166	546.0	735.0	10029	13	shSTN1_Etoposide
271	20	3019.907295338166	551.0	715.0	7419	13	shSTN1_Etoposide
271	20	3019.907295338166	559.0	689.0	3046	13	shSTN1_Etoposide
271	20	3019.907295338166	559.0	701.0	6798	13	shSTN1_Etoposide
271	20	3019.907295338166	569.0	667.0	7555	13	shSTN1_Etoposide
271	20	3019.907295338166	574.0	638.0	3698	13	shSTN1_Etoposide
271	20	3019.907295338166	585.0	718.0	7023	13	shSTN1_Etoposide
271	20	3019.907295338166	606.0	693.0	10236	13	shSTN1_Etoposide
271	20	3019.907295338166	608.0	699.0	9557	13	shSTN1_Etoposide
271	20	3019.907295338166	610.0	671.0	7270	13	shSTN1_Etoposide
271	20	3019.907295338166	613.0	735.0	7264	13	shSTN1_Etoposide
272	20	239.52041438147472	810.0	729.0	1542	1	shSTN1_Etoposide
273	20	233.34252486834407	771.0	808.0	1721	1	shSTN1_Etoposide
274	20	12699.942190993293	175.0	877.0	11306	10	shSTN1_Etoposide
274	20	12699.942190993293	178.0	904.0	7019	10	shSTN1_Etoposide
274	20	12699.942190993293	188.0	895.0	3815	10	shSTN1_Etoposide
274	20	12699.942190993293	201.0	853.0	5835	10	shSTN1_Etoposide
274	20	12699.942190993293	211.0	846.0	7223	10	shSTN1_Etoposide
274	20	12699.942190993293	230.0	907.0	7142	10	shSTN1_Etoposide
274	20	12699.942190993293	234.0	888.0	8569	10	shSTN1_Etoposide
274	20	12699.942190993293	243.0	916.0	2966	10	shSTN1_Etoposide
274	20	12699.942190993293	272.0	880.0	3197	10	shSTN1_Etoposide
274	20	12699.942190993293	274.0	862.0	7385	10	shSTN1_Etoposide
275	21	197.46975413034994	343.0	82.0	1741	1	shSTN1_H2O2
276	21	4569.050551415798	585.0	249.0	8882	1	shSTN1_H2O2
277	21	185.7586693548387	228.0	308.0	5846	1	shSTN1_H2O2
278	21	183.68216313116224	760.0	280.0	4649	1	shSTN1_H2O2
279	21	4321.902085712569	407.0	469.0	9632	8	shSTN1_H2O2
279	21	4321.902085712569	408.0	483.0	3309	8	shSTN1_H2O2
279	21	4321.902085712569	419.0	461.0	7310	8	shSTN1_H2O2
279	21	4321.902085712569	436.0	424.0	9936	8	shSTN1_H2O2
279	21	4321.902085712569	470.0	447.0	8607	8	shSTN1_H2O2
279	21	4321.902085712569	484.0	465.0	5902	8	shSTN1_H2O2
279	21	4321.902085712569	485.0	490.0	16	8	shSTN1_H2O2
279	21	4321.902085712569	504.0	423.0	5636	8	shSTN1_H2O2
280	21	197.609007127943	784.0	556.0	9066	1	shSTN1_H2O2
281	21	6150.9167045196455	113.0	639.0	3704	1	shSTN1_H2O2
282	21	7740.526906619682	508.0	711.0	7022	1	shSTN1_H2O2
283	21	5818.481023142509	276.0	771.0	2554	1	shSTN1_H2O2
284	21	195.4232266435986	715.0	705.0	9	2	shSTN1_H2O2
284	21	195.4232266435986	735.0	775.0	4996	2	shSTN1_H2O2
285	21	6903.772825013076	5.0	768.0	54	2	shSTN1_H2O2
285	21	6903.772825013076	156.0	811.0	1872	2	shSTN1_H2O2
286	21	6523.702997099581	445.0	905.0	4374	2	shSTN1_H2O2
286	21	6523.702997099581	576.0	834.0	25	2	shSTN1_H2O2
287	22	8122.935164563227	68.0	156.0	2553	1	shSTN1_H2O2
288	22	208.95187845655076	624.0	132.0	1234	1	shSTN1_H2O2
289	22	1433.6799275362318	520.0	211.0	2383	1	shSTN1_H2O2
290	22	187.68621876402813	351.0	435.0	955	1	shSTN1_H2O2
291	22	5849.722683349852	858.0	433.0	5240	1	shSTN1_H2O2
292	22	218.0661719985403	43.0	437.0	15	2	shSTN1_H2O2
292	22	218.0661719985403	81.0	511.0	913	2	shSTN1_H2O2
293	22	204.3283507006827	335.0	545.0	1390	1	shSTN1_H2O2
294	22	205.6162473476811	499.0	591.0	1842	1	shSTN1_H2O2
295	22	190.9685476410731	136.0	639.0	1168	1	shSTN1_H2O2
296	22	197.10383919877592	408.0	605.0	1836	1	shSTN1_H2O2
297	22	11389.445672836418	767.0	803.0	11461	4	shSTN1_H2O2
297	22	11389.445672836418	799.0	798.0	8687	4	shSTN1_H2O2
297	22	11389.445672836418	847.0	837.0	7015	4	shSTN1_H2O2
297	22	11389.445672836418	865.0	739.0	8660	4	shSTN1_H2O2
298	22	193.74574010066095	67.0	759.0	32	2	shSTN1_H2O2
298	22	193.74574010066095	84.0	773.0	4126	2	shSTN1_H2O2
299	22	193.64655701904047	404.0	879.0	1130	1	shSTN1_H2O2
300	22	208.76703725706525	215.0	795.0	1404	1	shSTN1_H2O2
301	23	193.9827742520399	119.0	166.0	796	1	shSTN1_H2O2
302	23	188.49614979330468	379.0	347.0	9437	1	shSTN1_H2O2
303	23	196.20331500581932	665.0	305.0	3170	1	shSTN1_H2O2
304	23	8041.246334472495	132.0	434.0	3499	1	shSTN1_H2O2
305	23	190.47363207734062	511.0	433.0	2124	1	shSTN1_H2O2
306	23	196.7123904478572	342.0	493.0	15289	2	shSTN1_H2O2
306	23	196.7123904478572	345.0	494.0	17426	2	shSTN1_H2O2
307	23	197.15529539463483	235.0	698.0	7876	1	shSTN1_H2O2
308	23	193.10215128383066	305.0	641.0	1	2	shSTN1_H2O2
308	23	193.10215128383066	337.0	645.0	1794	2	shSTN1_H2O2
309	23	194.4571567278906	400.0	754.0	1067	1	shSTN1_H2O2
310	23	191.73955255382018	815.0	890.0	1085	2	shSTN1_H2O2
310	23	191.73955255382018	885.0	838.0	10	2	shSTN1_H2O2
311	23	189.23431708991077	628.0	839.0	2841	1	shSTN1_H2O2
312	23	200.98256619144604	413.0	931.0	1502	1	shSTN1_H2O2
313	24	271.02621172748843	508.0	93.0	2762	1	shSTN1_H2O2
314	24	3692.963978849967	153.0	199.0	6368	4	shSTN1_H2O2
314	24	3692.963978849967	194.0	182.0	6751	4	shSTN1_H2O2
314	24	3692.963978849967	225.0	179.0	6066	4	shSTN1_H2O2
314	24	3692.963978849967	233.0	166.0	6636	4	shSTN1_H2O2
315	24	3623.546238938053	786.0	249.0	25	2	shSTN1_H2O2
315	24	3623.546238938053	849.0	166.0	846	2	shSTN1_H2O2
316	24	8042.62211046409	719.0	344.0	1138	2	shSTN1_H2O2
316	24	8042.62211046409	786.0	249.0	25	2	shSTN1_H2O2
317	24	689.532503930549	337.0	413.0	1213	1	shSTN1_H2O2
318	24	4070.779192825112	630.0	419.0	39	7	shSTN1_H2O2
318	24	4070.779192825112	657.0	445.0	8329	7	shSTN1_H2O2
318	24	4070.779192825112	677.0	493.0	6096	7	shSTN1_H2O2
318	24	4070.779192825112	691.0	549.0	3350	7	shSTN1_H2O2
318	24	4070.779192825112	693.0	482.0	10571	7	shSTN1_H2O2
318	24	4070.779192825112	696.0	541.0	10152	7	shSTN1_H2O2
318	24	4070.779192825112	703.0	484.0	5467	7	shSTN1_H2O2
319	24	4508.731834434277	402.0	552.0	4829	1	shSTN1_H2O2
320	24	8813.108993902439	204.0	771.0	1468	2	shSTN1_H2O2
320	24	8813.108993902439	249.0	620.0	16	2	shSTN1_H2O2
321	24	6348.313339301701	540.0	689.0	2614	1	shSTN1_H2O2
322	24	7049.570561456752	790.0	668.0	2376	1	shSTN1_H2O2
323	24	10730.736842105263	329.0	849.0	1408	1	shSTN1_H2O2
324	25	5469.58073433087	149.0	139.0	5152	1	shSTN1_H2O2
325	25	4369.846207497821	400.0	94.0	4742	1	shSTN1_H2O2
326	25	4698.815090041224	577.0	250.0	22	4	shSTN1_H2O2
326	25	4698.815090041224	624.0	279.0	7048	4	shSTN1_H2O2
326	25	4698.815090041224	648.0	310.0	2525	4	shSTN1_H2O2
326	25	4698.815090041224	686.0	255.0	6199	4	shSTN1_H2O2
327	25	9253.890480782477	253.0	281.0	3938	2	shSTN1_H2O2
327	25	9253.890480782477	342.0	243.0	38	2	shSTN1_H2O2
328	25	10001.655944972159	102.0	274.0	5344	1	shSTN1_H2O2
329	25	208.0409840586905	805.0	296.0	4206	6	shSTN1_H2O2
329	25	208.0409840586905	832.0	401.0	16029	6	shSTN1_H2O2
329	25	208.0409840586905	854.0	301.0	7053	6	shSTN1_H2O2
329	25	208.0409840586905	866.0	404.0	9562	6	shSTN1_H2O2
329	25	208.0409840586905	871.0	332.0	8521	6	shSTN1_H2O2
329	25	208.0409840586905	877.0	338.0	7830	6	shSTN1_H2O2
330	25	5818.661787169042	408.0	499.0	6785	4	shSTN1_H2O2
330	25	5818.661787169042	445.0	488.0	7676	4	shSTN1_H2O2
330	25	5818.661787169042	468.0	460.0	8485	4	shSTN1_H2O2
330	25	5818.661787169042	526.0	450.0	7054	4	shSTN1_H2O2
331	25	10428.434028219142	217.0	510.0	6689	1	shSTN1_H2O2
332	25	191.80238778705638	709.0	606.0	3083	2	shSTN1_H2O2
332	25	191.80238778705638	782.0	667.0	3308	2	shSTN1_H2O2
333	25	206.2513393108893	552.0	738.0	1346	1	shSTN1_H2O2
334	25	219.5321791296111	189.0	760.0	5036	1	shSTN1_H2O2
335	25	211.79088183285924	751.0	813.0	1178	1	shSTN1_H2O2
336	26	281.05098383934006	703.0	99.0	1855	1	shSTN1
337	26	225.6489010989011	180.0	215.0	1261	1	shSTN1
338	26	228.31074127673259	321.0	211.0	619	1	shSTN1
339	26	233.01821204564348	554.0	178.0	1671	2	shSTN1
339	26	233.01821204564348	568.0	184.0	13	2	shSTN1
340	26	234.202337174144	54.0	251.0	1435	1	shSTN1
341	26	351.9347119152839	580.0	391.0	1279	3	shSTN1
341	26	351.9347119152839	649.0	397.0	39	3	shSTN1
341	26	351.9347119152839	651.0	393.0	8	3	shSTN1
342	26	11412.159337385294	792.0	374.0	8154	3	shSTN1
342	26	11412.159337385294	849.0	367.0	6411	3	shSTN1
342	26	11412.159337385294	860.0	375.0	2614	3	shSTN1
343	26	10729.204960994637	648.0	461.0	6459	4	shSTN1
343	26	10729.204960994637	649.0	397.0	39	4	shSTN1
343	26	10729.204960994637	651.0	393.0	8	4	shSTN1
343	26	10729.204960994637	679.0	434.0	6272	4	shSTN1
344	26	287.7450140102192	380.0	433.0	973	1	shSTN1
345	26	284.2740118212043	213.0	394.0	1291	1	shSTN1
346	26	5151.24242815628	517.0	521.0	2732	3	shSTN1
346	26	5151.24242815628	557.0	568.0	9957	3	shSTN1
346	26	5151.24242815628	584.0	478.0	6353	3	shSTN1
347	26	6921.166690909091	271.0	581.0	6317	1	shSTN1
348	26	10095.68637013916	753.0	584.0	5581	1	shSTN1
349	26	8272.980641874681	510.0	709.0	6934	3	shSTN1
349	26	8272.980641874681	529.0	731.0	9379	3	shSTN1
349	26	8272.980641874681	567.0	743.0	7256	3	shSTN1
350	26	364.5858401922937	178.0	735.0	415	1	shSTN1
351	26	9413.718165206981	315.0	801.0	8714	2	shSTN1
351	26	9413.718165206981	345.0	851.0	5484	2	shSTN1
352	26	13080.32585499316	581.0	841.0	8464	3	shSTN1
352	26	13080.32585499316	621.0	896.0	7687	3	shSTN1
352	26	13080.32585499316	646.0	903.0	1249	3	shSTN1
353	26	11673.57113332961	830.0	856.0	2595	2	shSTN1
353	26	11673.57113332961	888.0	907.0	5	2	shSTN1
354	26	548.8302947052947	646.0	903.0	1249	1	shSTN1
355	27	275.98509085261685	789.0	81.0	10	3	shSTN1
355	27	275.98509085261685	790.0	83.0	20	3	shSTN1
355	27	275.98509085261685	822.0	121.0	4904	3	shSTN1
356	27	336.47827631111636	249.0	308.0	3589	1	shSTN1
357	27	289.69631342865154	330.0	258.0	3191	2	shSTN1
357	27	289.69631342865154	437.0	242.0	1	2	shSTN1
358	27	10056.655862160022	617.0	297.0	8997	8	shSTN1
358	27	10056.655862160022	624.0	245.0	7107	8	shSTN1
358	27	10056.655862160022	632.0	254.0	6256	8	shSTN1
358	27	10056.655862160022	653.0	260.0	9424	8	shSTN1
358	27	10056.655862160022	655.0	333.0	8088	8	shSTN1
358	27	10056.655862160022	658.0	301.0	7514	8	shSTN1
358	27	10056.655862160022	695.0	288.0	8396	8	shSTN1
358	27	10056.655862160022	700.0	254.0	5260	8	shSTN1
359	27	9676.887945937451	617.0	440.0	8974	7	shSTN1
359	27	9676.887945937451	628.0	430.0	5999	7	shSTN1
359	27	9676.887945937451	677.0	457.0	6734	7	shSTN1
359	27	9676.887945937451	692.0	472.0	6822	7	shSTN1
359	27	9676.887945937451	720.0	422.0	7703	7	shSTN1
359	27	9676.887945937451	725.0	401.0	7793	7	shSTN1
359	27	9676.887945937451	735.0	445.0	7054	7	shSTN1
360	27	10228.863471752777	354.0	534.0	8614	13	shSTN1
360	27	10228.863471752777	356.0	543.0	6756	13	shSTN1
360	27	10228.863471752777	368.0	529.0	7520	13	shSTN1
360	27	10228.863471752777	369.0	559.0	5501	13	shSTN1
360	27	10228.863471752777	378.0	547.0	10445	13	shSTN1
360	27	10228.863471752777	385.0	427.0	8241	13	shSTN1
360	27	10228.863471752777	393.0	488.0	6908	13	shSTN1
360	27	10228.863471752777	400.0	461.0	7679	13	shSTN1
360	27	10228.863471752777	411.0	484.0	6016	13	shSTN1
360	27	10228.863471752777	418.0	437.0	6379	13	shSTN1
360	27	10228.863471752777	440.0	490.0	7594	13	shSTN1
360	27	10228.863471752777	442.0	478.0	10364	13	shSTN1
360	27	10228.863471752777	453.0	537.0	6	13	shSTN1
361	27	3884.0789264729237	485.0	492.0	10706	15	shSTN1
361	27	3884.0789264729237	491.0	487.0	10725	15	shSTN1
361	27	3884.0789264729237	496.0	516.0	8906	15	shSTN1
361	27	3884.0789264729237	501.0	464.0	6352	15	shSTN1
361	27	3884.0789264729237	506.0	469.0	6152	15	shSTN1
361	27	3884.0789264729237	513.0	504.0	11192	15	shSTN1
361	27	3884.0789264729237	521.0	519.0	11140	15	shSTN1
361	27	3884.0789264729237	527.0	552.0	12375	15	shSTN1
361	27	3884.0789264729237	547.0	466.0	7302	15	shSTN1
361	27	3884.0789264729237	562.0	531.0	7885	15	shSTN1
361	27	3884.0789264729237	566.0	523.0	7438	15	shSTN1
361	27	3884.0789264729237	569.0	497.0	6902	15	shSTN1
361	27	3884.0789264729237	570.0	508.0	9313	15	shSTN1
361	27	3884.0789264729237	579.0	494.0	10726	15	shSTN1
361	27	3884.0789264729237	587.0	502.0	7764	15	shSTN1
362	27	325.9634797776082	76.0	566.0	2856	1	shSTN1
363	27	567.1542932263199	716.0	539.0	6602	19	shSTN1
363	27	567.1542932263199	720.0	546.0	11022	19	shSTN1
363	27	567.1542932263199	725.0	556.0	7644	19	shSTN1
363	27	567.1542932263199	727.0	613.0	17993	19	shSTN1
363	27	567.1542932263199	738.0	527.0	10665	19	shSTN1
363	27	567.1542932263199	747.0	567.0	6299	19	shSTN1
363	27	567.1542932263199	749.0	517.0	5956	19	shSTN1
363	27	567.1542932263199	752.0	530.0	6487	19	shSTN1
363	27	567.1542932263199	759.0	548.0	2943	19	shSTN1
363	27	567.1542932263199	766.0	557.0	10427	19	shSTN1
363	27	567.1542932263199	768.0	584.0	7249	19	shSTN1
363	27	567.1542932263199	773.0	608.0	9932	19	shSTN1
363	27	567.1542932263199	785.0	551.0	8680	19	shSTN1
363	27	567.1542932263199	788.0	593.0	20874	19	shSTN1
363	27	567.1542932263199	788.0	606.0	10791	19	shSTN1
363	27	567.1542932263199	806.0	583.0	7680	19	shSTN1
363	27	567.1542932263199	813.0	546.0	9870	19	shSTN1
363	27	567.1542932263199	813.0	560.0	8380	19	shSTN1
363	27	567.1542932263199	815.0	573.0	7477	19	shSTN1
364	27	426.2774429871204	567.0	585.0	8	6	shSTN1
364	27	426.2774429871204	573.0	651.0	8946	6	shSTN1
364	27	426.2774429871204	580.0	619.0	6163	6	shSTN1
364	27	426.2774429871204	600.0	601.0	6220	6	shSTN1
364	27	426.2774429871204	620.0	606.0	10960	6	shSTN1
364	27	426.2774429871204	635.0	577.0	4713	6	shSTN1
365	27	14353.593447293448	202.0	588.0	6599	10	shSTN1
365	27	14353.593447293448	219.0	633.0	4131	10	shSTN1
365	27	14353.593447293448	222.0	601.0	11987	10	shSTN1
365	27	14353.593447293448	223.0	674.0	11444	10	shSTN1
365	27	14353.593447293448	277.0	629.0	9537	10	shSTN1
365	27	14353.593447293448	282.0	650.0	8025	10	shSTN1
365	27	14353.593447293448	285.0	597.0	25326	10	shSTN1
365	27	14353.593447293448	285.0	667.0	3409	10	shSTN1
365	27	14353.593447293448	297.0	697.0	15	10	shSTN1
365	27	14353.593447293448	324.0	633.0	6750	10	shSTN1
366	27	387.05043050430504	179.0	669.0	1935	1	shSTN1
367	27	13043.567964816852	450.0	764.0	6859	21	shSTN1
367	27	13043.567964816852	479.0	739.0	7253	21	shSTN1
367	27	13043.567964816852	484.0	775.0	7894	21	shSTN1
367	27	13043.567964816852	484.0	794.0	7608	21	shSTN1
367	27	13043.567964816852	496.0	762.0	6215	21	shSTN1
367	27	13043.567964816852	504.0	780.0	7106	21	shSTN1
367	27	13043.567964816852	510.0	774.0	10711	21	shSTN1
367	27	13043.567964816852	512.0	746.0	7015	21	shSTN1
367	27	13043.567964816852	513.0	820.0	13816	21	shSTN1
367	27	13043.567964816852	518.0	725.0	7814	21	shSTN1
367	27	13043.567964816852	523.0	711.0	5340	21	shSTN1
367	27	13043.567964816852	528.0	796.0	10636	21	shSTN1
367	27	13043.567964816852	530.0	800.0	8098	21	shSTN1
367	27	13043.567964816852	536.0	719.0	8532	21	shSTN1
367	27	13043.567964816852	555.0	774.0	5981	21	shSTN1
367	27	13043.567964816852	556.0	800.0	6052	21	shSTN1
367	27	13043.567964816852	559.0	809.0	8138	21	shSTN1
367	27	13043.567964816852	581.0	750.0	4412	21	shSTN1
367	27	13043.567964816852	598.0	788.0	7779	21	shSTN1
367	27	13043.567964816852	609.0	788.0	7940	21	shSTN1
367	27	13043.567964816852	611.0	772.0	6641	21	shSTN1
368	27	313.91209739263803	174.0	900.0	1005	1	shSTN1
369	28	279.7653200419727	175.0	199.0	2214	1	shSTN1
370	28	206.03744397070076	341.0	269.0	847	2	shSTN1
370	28	206.03744397070076	347.0	342.0	20	2	shSTN1
371	28	209.13731593439482	457.0	377.0	6519	4	shSTN1
371	28	209.13731593439482	463.0	391.0	5923	4	shSTN1
371	28	209.13731593439482	502.0	383.0	8190	4	shSTN1
371	28	209.13731593439482	569.0	298.0	28	4	shSTN1
372	28	224.61666235446313	201.0	318.0	2757	1	shSTN1
373	28	203.41931986762523	660.0	482.0	10146	1	shSTN1
374	28	202.85506963107744	460.0	525.0	5215	2	shSTN1
374	28	202.85506963107744	482.0	491.0	12310	2	shSTN1
375	28	202.10187150299055	173.0	587.0	3558	1	shSTN1
376	28	202.27746813089786	359.0	659.0	2810	1	shSTN1
377	28	204.0667326242889	778.0	717.0	33	3	shSTN1
377	28	204.0667326242889	809.0	670.0	5676	3	shSTN1
377	28	204.0667326242889	865.0	650.0	6336	3	shSTN1
378	28	201.06006656861987	555.0	835.0	1191	1	shSTN1
379	28	199.11879925822902	625.0	828.0	2183	1	shSTN1
380	28	209.47820635299738	389.0	820.0	1080	1	shSTN1
381	29	208.33622801157873	628.0	140.0	1215	1	shSTN1
382	29	198.4054168072899	707.0	113.0	1038	1	shSTN1
383	29	236.9104463255098	379.0	219.0	3109	1	shSTN1
384	29	209.04796756008307	504.0	248.0	2509	1	shSTN1
385	29	16667.569264196372	121.0	232.0	16200	9	shSTN1
385	29	16667.569264196372	142.0	240.0	12112	9	shSTN1
385	29	16667.569264196372	160.0	218.0	9560	9	shSTN1
385	29	16667.569264196372	170.0	250.0	21709	9	shSTN1
385	29	16667.569264196372	172.0	299.0	7069	9	shSTN1
385	29	16667.569264196372	176.0	255.0	11690	9	shSTN1
385	29	16667.569264196372	199.0	210.0	12583	9	shSTN1
385	29	16667.569264196372	234.0	288.0	9096	9	shSTN1
385	29	16667.569264196372	238.0	264.0	8043	9	shSTN1
386	29	195.16671465591708	870.0	220.0	757	1	shSTN1
387	29	205.3962522370776	660.0	351.0	2909	1	shSTN1
388	29	202.50502652890253	502.0	447.0	6255	1	shSTN1
389	29	220.39589485055816	256.0	525.0	4024	1	shSTN1
390	29	218.35886282429703	115.0	635.0	1058	1	shSTN1
391	29	202.6119041382923	603.0	621.0	8067	1	shSTN1
392	29	200.55635653169844	757.0	658.0	2813	1	shSTN1
393	29	205.88071542904865	416.0	870.0	7684	1	shSTN1
394	29	211.72553085007507	115.0	792.0	5020	1	shSTN1
395	29	204.22960838114244	501.0	858.0	6517	6	shSTN1
395	29	204.22960838114244	517.0	909.0	7827	6	shSTN1
395	29	204.22960838114244	565.0	871.0	8533	6	shSTN1
395	29	204.22960838114244	584.0	874.0	5941	6	shSTN1
395	29	204.22960838114244	592.0	819.0	9	6	shSTN1
395	29	204.22960838114244	613.0	875.0	7861	6	shSTN1
396	29	195.98365964963932	867.0	860.0	786	1	shSTN1
397	30	196.5761961015948	451.0	59.0	666	2	shSTN1
397	30	196.5761961015948	454.0	6.0	27	2	shSTN1
398	30	258.0460297084174	760.0	122.0	2387	1	shSTN1
399	30	205.00544374793796	349.0	150.0	2407	1	shSTN1
400	30	264.34309189534144	569.0	240.0	1190	1	shSTN1
401	30	15153.159863474932	707.0	336.0	2898	1	shSTN1
402	30	294.4802790912236	530.0	315.0	5657	1	shSTN1
403	30	12961.675085826386	93.0	427.0	14	19	shSTN1
403	30	12961.675085826386	118.0	396.0	11241	19	shSTN1
403	30	12961.675085826386	123.0	344.0	5222	19	shSTN1
403	30	12961.675085826386	129.0	392.0	9730	19	shSTN1
403	30	12961.675085826386	143.0	323.0	7727	19	shSTN1
403	30	12961.675085826386	145.0	318.0	9972	19	shSTN1
403	30	12961.675085826386	147.0	456.0	9304	19	shSTN1
403	30	12961.675085826386	149.0	379.0	10512	19	shSTN1
403	30	12961.675085826386	153.0	418.0	12759	19	shSTN1
403	30	12961.675085826386	154.0	407.0	8478	19	shSTN1
403	30	12961.675085826386	158.0	467.0	11038	19	shSTN1
403	30	12961.675085826386	165.0	403.0	7322	19	shSTN1
403	30	12961.675085826386	171.0	328.0	7800	19	shSTN1
403	30	12961.675085826386	175.0	316.0	7777	19	shSTN1
403	30	12961.675085826386	177.0	392.0	8457	19	shSTN1
403	30	12961.675085826386	191.0	414.0	12677	19	shSTN1
403	30	12961.675085826386	204.0	366.0	10229	19	shSTN1
403	30	12961.675085826386	217.0	434.0	49	19	shSTN1
403	30	12961.675085826386	218.0	381.0	5987	19	shSTN1
404	30	324.91799007444166	386.0	417.0	7421	6	shSTN1
404	30	324.91799007444166	411.0	495.0	7817	6	shSTN1
404	30	324.91799007444166	421.0	432.0	7101	6	shSTN1
404	30	324.91799007444166	423.0	455.0	10294	6	shSTN1
404	30	324.91799007444166	455.0	420.0	5677	6	shSTN1
404	30	324.91799007444166	471.0	440.0	6481	6	shSTN1
405	30	18808.20818953456	546.0	609.0	3918	1	shSTN1
406	30	322.0987429836351	252.0	566.0	2662	1	shSTN1
407	30	14844.096018118613	810.0	563.0	6801	10	shSTN1
407	30	14844.096018118613	814.0	612.0	17971	10	shSTN1
407	30	14844.096018118613	815.0	610.0	5186	10	shSTN1
407	30	14844.096018118613	830.0	608.0	10098	10	shSTN1
407	30	14844.096018118613	840.0	576.0	7557	10	shSTN1
407	30	14844.096018118613	841.0	605.0	12371	10	shSTN1
407	30	14844.096018118613	844.0	653.0	5972	10	shSTN1
407	30	14844.096018118613	879.0	567.0	7511	10	shSTN1
407	30	14844.096018118613	899.0	602.0	9473	10	shSTN1
407	30	14844.096018118613	921.0	604.0	8546	10	shSTN1
408	30	296.6026747806397	397.0	711.0	1074	1	shSTN1
409	30	290.25605891126025	586.0	803.0	2041	1	shSTN1
410	30	253.5174063995496	556.0	899.0	3975	1	shSTN1
