 	ROI	Area/um^2	EdU_Mean	DAPI_Mean	Slice	MeanFocusIntensity	FociCount
1	1	19648	5.238	12217.404	1	4814.667	3
2	2	20553	267.362	11094.499	1	5366.955	22
3	3	22837	232.985	9465.203	1	5316.278	18
4	4	17719	228.990	12462.118	1	5955.364	22
5	5	19310	226.376	12153.372	1	5522.583	48
6	6	19533	305.311	12145.524	1	5767.613	31
7	7	16802	265.685	11982.639	1	6117.163	49
8	8	18506	279.834	13713.138	1	5843.750	16
9	9	18602	285.702	13415.502	1	5217.917	24
10	10	16047	278.147	14146.878	1	5812.474	19
11	11	17339	322.928	12663.431	1	6022.833	42
12	12	16475	4.159	11318.671	2	0.000	0
13	13	20584	222.740	10287.739	2	5932.355	31
14	14	25054	63.891	11679.026	2	5355.700	10
15	15	12947	4.373	14652.197	2	0.000	0
16	16	21962	4.455	13229.196	2	6018.200	10
17	17	24039	4.525	11224.965	2	7365.111	18
18	18	16487	4.451	12078.631	2	0.000	0
19	19	21208	4.526	14352.017	2	6378.939	33
20	20	13213	4.523	14909.256	2	0.000	0
21	21	15586	4.730	12410.550	2	0.000	0
22	22	14777	316.600	12769.486	2	5649.900	10
23	23	14639	5.049	14483.660	2	0.000	0
24	24	19550	127.691	8165.927	3	6246.683	41
25	25	17817	260.368	14521.779	3	5962.111	18
26	26	14569	254.866	12879.910	3	5850.765	17
27	27	16499	278.372	13173.792	3	5999.571	14
28	28	16682	6.109	11398.444	3	4162.000	1
29	29	14257	117.037	11649.814	3	7113.862	29
30	30	16784	5.459	16853.999	3	4405.250	4
31	31	15743	9.080	11673.245	3	0.000	0
32	32	16811	222.345	11909.278	3	5806.824	34
33	33	14308	7.017	14211.899	3	0.000	0
34	34	18421	325.244	12611.677	3	5511.500	8
35	35	16877	300.977	13237.194	3	5304.412	17
36	36	15262	5.831	10679.519	4	0.000	0
37	37	16599	6.907	11348.929	4	9682.000	1
38	38	14033	6.472	11465.609	4	0.000	0
39	39	17404	317.265	13785.018	4	5281.286	7
40	40	19268	40.731	15285.368	4	5823.304	23
41	41	18319	212.140	10156.788	4	5101.500	6
42	42	16701	271.440	15215.941	4	5710.833	18
43	43	18724	341.039	15161.181	4	5285.462	13
44	44	18996	248.601	11523.807	4	5033.500	8
45	45	14551	7.099	11892.878	4	0.000	0
46	46	11933	7.147	23939.193	4	0.000	0
47	47	13620	6.223	16024.274	4	0.000	0
48	48	14268	5.131	13060.788	4	0.000	0
49	49	19275	229.877	12680.266	5	4633.500	8
50	50	17541	224.701	9782.994	5	6046.933	45
51	51	11369	7.860	24681.381	5	0.000	0
52	52	16549	245.434	12359.428	5	5702.000	25
53	53	17903	364.455	23436.853	5	5416.474	19
54	54	12515	6.953	26243.036	5	0.000	0
55	55	12283	7.013	16219.729	5	0.000	0
56	56	13705	6.327	13828.666	5	0.000	0
57	57	14057	6.713	12771.864	5	0.000	0
58	58	19089	282.633	12496.522	5	5977.417	24
59	59	12341	4.633	22043.017	5	4512.000	1
60	60	12977	4.691	18453.330	5	5355.000	1
61	61	10237	5.840	31093.495	5	0.000	0
62	62	13729	8.301	11736.654	5	0.000	0
63	63	13155	7.797	12921.068	5	0.000	0
64	64	15518	5.144	12145.773	5	0.000	0
65	65	12919	4.986	16665.523	5	0.000	0
66	66	14805	6.195	13961.242	5	0.000	0
67	67	15919	406.511	15892.953	5	5688.875	8
68	68	18749	3.942	9852.875	6	0.000	0
69	69	19010	3.865	8973.325	6	0.000	0
70	70	21110	3.893	7503.272	6	0.000	0
71	71	19588	3.940	8811.961	6	4492.000	1
72	72	17187	3.915	9121.597	6	0.000	0
73	73	20248	3.972	8638.229	6	0.000	0
74	74	17065	4.067	9842.500	6	0.000	0
75	75	16851	4.042	8705.974	6	7133.000	1
76	76	18813	4.090	8394.142	6	0.000	0
77	77	18786	4.120	8056.832	6	4741.000	1
78	78	16384	3.998	11325.435	6	0.000	0
79	79	15994	4.190	8918.678	7	5312.000	5
80	80	15116	4.416	9773.581	7	4653.000	1
81	81	25486	113.842	8083.803	7	5004.600	5
82	82	15348	4.947	10290.772	7	4136.000	2
83	83	14558	4.212	11336.307	7	0.000	0
84	84	24237	103.146	9786.591	7	4517.167	6
85	85	21775	4.884	12089.345	7	5042.500	6
86	86	13850	4.444	12821.460	7	0.000	0
87	87	14235	4.332	11398.087	7	0.000	0
88	88	12103	4.412	10137.836	7	0.000	0
89	89	13435	4.399	10005.502	7	0.000	0
90	90	14084	4.343	8855.683	7	0.000	0
91	91	13464	4.488	10376.451	7	0.000	0
92	92	12608	4.769	10567.973	7	0.000	0
93	93	20792	96.504	12409.668	8	4865.875	8
94	94	19634	111.498	10683.125	8	4595.500	2
95	95	16912	4.851	12332.088	8	0.000	0
96	96	20918	56.495	9947.820	8	5000.615	13
97	97	14165	5.801	16139.099	8	5797.000	1
98	98	16846	5.081	11760.471	8	6459.600	10
99	99	16708	5.195	15669.947	8	0.000	0
100	100	19346	128.353	15167.308	8	4985.636	11
101	101	21010	147.153	14061.990	8	4939.286	14
102	102	16180	134.442	13456.955	8	6432.095	42
103	103	15239	118.266	14394.702	8	0.000	0
104	104	18465	76.915	13214.046	8	5888.868	38
105	105	19228	189.675	14480.485	8	5597.667	21
106	106	17110	179.712	17503.899	8	5108.000	2
107	107	15861	4.083	8997.438	9	0.000	0
108	108	18234	4.061	8765.792	9	0.000	0
109	109	13729	4.146	9531.477	9	0.000	0
110	110	16513	4.114	10174.792	9	0.000	0
111	111	14557	4.102	14145.517	9	0.000	0
112	112	15978	4.224	10874.767	9	0.000	0
113	113	18533	22.516	8705.014	9	6318.379	29
114	114	16198	5.473	11223.266	9	0.000	0
115	115	18923	110.779	9423.987	9	5528.474	19
116	116	17258	105.893	9784.547	9	5262.667	21
117	117	18882	71.441	8763.459	9	5692.375	32
118	118	20094	92.594	9174.443	9	5306.929	14
119	119	9948	4.515	16755.093	9	0.000	0
120	120	17964	97.230	6403.477	10	0.000	0
121	121	18054	4.747	8645.735	10	0.000	0
122	122	21847	168.274	9679.581	10	5607.556	9
123	123	14280	5.639	14152.036	10	0.000	0
124	124	19075	38.483	8017.571	10	4531.455	11
125	125	20586	158.493	10272.881	10	4730.857	7
126	126	20064	153.567	9706.369	10	4233.000	1
127	127	16800	5.406	8993.414	10	4052.000	1
128	128	17709	141.228	9179.355	10	0.000	0
129	129	16328	150.809	10135.455	10	6477.000	10
130	130	13564	4.847	10218.378	11	0.000	0
131	131	12389	4.964	11488.900	11	0.000	0
132	132	14190	4.779	8885.745	11	4395.000	1
133	133	15085	5.022	7870.940	11	0.000	0
134	134	15231	4.891	7377.277	11	0.000	0
135	135	12205	4.790	11056.102	11	0.000	0
136	136	12869	5.090	12723.678	11	0.000	0
137	137	14655	5.284	8591.895	11	0.000	0
138	138	16873	4.973	9025.722	11	6418.000	12
139	139	14036	5.014	13132.064	11	0.000	0
140	140	12631	6.156	10935.629	11	0.000	0
141	141	13562	4.937	10495.446	11	0.000	0
142	142	13454	5.320	10902.451	11	0.000	0
143	143	19534	263.127	9399.505	11	6971.462	13
144	144	13816	5.167	9954.540	11	0.000	0
145	145	16334	127.865	10714.128	11	6571.882	17
146	146	13178	4.964	11927.336	11	0.000	0
147	147	14740	6.925	8421.328	12	0.000	0
148	148	16584	275.205	10710.928	12	7660.034	29
149	149	15251	314.401	15044.599	12	6416.200	25
150	150	15633	222.862	11536.294	12	7426.794	34
151	151	14820	192.991	11251.435	12	7839.433	30
152	152	12011	239.211	12653.202	12	6254.000	14
153	153	13691	59.016	12460.879	12	6304.786	14
154	154	11989	7.095	13128.591	12	0.000	0
155	155	12851	5.504	11816.507	12	0.000	0
156	156	12858	5.059	14362.526	12	4228.500	2
157	157	12372	5.427	11978.412	12	0.000	0
158	158	19278	4.867	7362.249	12	0.000	0
159	159	13077	4.926	17563.309	12	0.000	0
160	160	12568	5.082	11652.776	12	4610.000	1
161	161	13567	5.249	20132.970	12	0.000	0
162	162	9113	4.914	17706.456	13	0.000	0
163	163	13487	5.165	11194.278	13	0.000	0
164	164	12137	4.995	12336.581	13	0.000	0
165	165	14854	5.096	17573.233	13	0.000	0
166	166	11579	5.498	20437.049	13	0.000	0
167	167	16026	5.599	12021.214	13	0.000	0
168	168	16857	14.510	10375.425	13	6397.500	10
169	169	16930	90.626	10342.833	13	5309.222	9
170	170	17065	15.190	9749.401	13	5776.375	8
171	171	18072	149.976	10599.599	13	6270.529	17
172	172	13852	5.605	11040.636	13	0.000	0
173	173	13903	5.847	21129.698	13	0.000	0
174	174	14957	5.872	12214.600	13	0.000	0
175	175	18929	5.181	7779.966	13	0.000	0
176	176	16944	5.296	8735.340	13	0.000	0
177	177	11448	5.276	22030.655	13	4008.000	1
178	178	17054	4.143	8434.618	14	0.000	0
179	179	15370	4.770	10105.373	14	0.000	0
180	180	26635	198.675	8727.293	14	6085.833	12
181	181	15310	4.331	10577.476	14	0.000	0
182	182	14131	5.196	14438.982	14	0.000	0
183	183	16963	172.913	11559.125	14	7247.500	22
184	184	15129	5.597	10923.004	14	0.000	0
185	185	15859	121.631	11927.787	14	6559.136	22
186	186	14297	5.289	12448.556	14	0.000	0
187	187	15003	5.160	11734.099	14	0.000	0
188	188	20136	259.122	12224.857	14	7095.500	8
189	189	20230	7.459	14940.436	14	0.000	0
190	190	15036	5.478	12841.203	14	6385.800	5
191	191	14962	6.159	10614.401	14	0.000	0
192	192	16150	4.167	8700.140	15	0.000	0
193	193	15830	4.074	9609.780	15	0.000	0
194	194	16547	4.111	8831.276	15	0.000	0
195	195	15469	4.180	9378.017	15	0.000	0
196	196	19154	4.383	8728.800	15	6119.600	5
197	197	24658	5.534	10160.473	15	0.000	0
198	198	15302	4.142	10731.192	15	0.000	0
199	199	16766	4.248	9741.460	15	0.000	0
200	200	20857	4.104	7898.238	15	4966.500	6
201	201	13926	4.346	21317.629	15	0.000	0
202	202	13129	4.030	13906.897	16	0.000	0
203	203	16319	4.174	8805.825	16	0.000	0
204	204	13357	3.903	12838.609	16	0.000	0
205	205	15368	5.005	10403.039	16	0.000	0
206	206	16001	4.130	10151.960	16	5317.000	1
207	207	15884	4.218	11537.454	16	0.000	0
208	208	12482	4.085	13146.289	16	0.000	0
209	209	13104	5.073	14315.576	16	6640.000	1
210	210	15263	5.930	10995.600	16	0.000	0
211	211	14336	5.691	14028.586	16	0.000	0
212	212	12112	6.562	15018.504	16	4750.000	1
213	213	16017	321.834	12121.760	16	5550.917	24
214	214	17698	379.464	12621.646	16	6211.375	16
215	215	19610	187.237	9375.214	16	6821.548	42
216	216	15950	6.807	8184.642	16	0.000	0
217	217	16664	4.167	10989.091	17	0.000	0
218	218	13905	4.289	10486.905	17	0.000	0
219	219	16149	4.075	10682.236	17	0.000	0
220	220	14856	4.603	9079.592	17	0.000	0
221	221	12427	4.313	11342.315	17	0.000	0
222	222	12751	5.251	18844.503	17	0.000	0
223	223	18219	58.104	7640.523	17	6642.120	25
224	224	19814	4.153	7544.392	17	5863.000	1
225	225	17341	4.156	8040.528	17	0.000	0
226	226	14210	162.242	9471.253	17	5568.500	2
227	227	16624	5.273	9607.210	17	0.000	0
228	228	16457	7.160	8651.304	17	7391.500	36
229	229	12254	23.439	11832.167	17	5449.500	8
230	230	13684	289.901	10522.205	17	6456.348	23
231	231	13258	4.448	11542.492	18	4836.500	2
232	232	16800	3.900	10246.176	18	0.000	0
233	233	13949	150.244	10515.877	18	4749.111	9
234	234	14415	4.571	12309.980	18	4773.000	1
235	235	14588	4.256	14126.916	18	0.000	0
236	236	14784	4.143	11818.390	18	0.000	0
237	237	15231	3.973	11625.138	18	5731.000	1
238	238	14089	4.188	12843.439	18	0.000	0
239	239	17228	3.941	10758.246	18	0.000	0
240	240	14373	4.765	15176.994	18	0.000	0
241	241	17089	222.803	11756.336	18	5759.625	16
242	242	17290	4.108	10301.257	18	0.000	0
243	243	16099	4.037	11135.885	18	0.000	0
244	244	15331	225.476	11154.052	18	5835.429	14
245	245	15190	4.261	8891.582	19	0.000	0
246	246	18506	123.052	6672.011	19	6542.429	35
247	247	16887	174.251	9296.617	19	6235.091	33
248	248	16505	195.925	8501.536	19	6108.917	24
249	249	16163	4.840	10500.976	19	3942.000	1
250	250	14358	6.801	11566.042	19	5559.000	2
251	251	10858	5.169	14034.771	19	0.000	0
252	252	17398	39.052	8931.659	19	7119.964	28
253	253	17815	204.802	10707.030	19	5729.840	25
254	254	16922	187.149	8280.872	19	5690.278	18
255	255	19084	207.021	9756.158	19	5983.760	25
256	256	18192	5.650	8812.755	19	0.000	0
257	257	16848	196.942	11996.889	20	5630.000	27
258	258	9171	6.301	22875.738	20	7562.000	3
259	259	13602	53.093	9647.252	20	6533.471	17
260	260	12041	164.544	13026.802	20	6245.913	23
261	261	11850	5.046	12768.226	20	0.000	0
262	262	14859	237.965	10715.945	20	5476.556	18
263	263	12789	6.511	12542.847	20	0.000	0
264	264	13499	5.632	18182.805	20	6975.286	21
265	265	13827	4.793	10781.875	20	0.000	0
266	266	15542	137.234	10980.829	20	6736.375	24
267	267	15224	241.847	12390.442	20	5262.929	14
268	268	20458	6.127	13104.398	20	6538.167	18
269	269	15392	59.035	9634.161	20	6465.357	28
270	270	11849	4.791	12770.742	20	0.000	0
271	271	14027	4.654	9812.915	20	0.000	0
272	272	12688	250.580	13546.426	20	6104.273	22
273	273	15332	3.948	9884.632	21	0.000	0
274	274	16906	90.518	8716.256	21	8882.000	1
275	275	19996	3.708	8040.932	21	5315.500	2
276	276	16831	3.669	10082.510	21	4649.000	1
277	277	16772	85.582	9253.074	21	5788.100	20
278	278	27909	3.947	9509.608	21	9066.000	1
279	279	18112	120.808	9860.191	21	4403.000	1
280	280	20074	154.241	11356.774	21	5395.500	4
281	281	20972	115.161	10203.972	21	0.000	0
282	282	22344	3.904	11689.366	21	4996.000	1
283	283	17480	136.447	9001.718	21	0.000	0
284	284	15700	129.110	11121.503	21	4746.000	1
285	285	16338	161.229	10720.015	22	0.000	0
286	286	14507	27.973	11323.490	22	0.000	0
287	287	15890	4.174	10596.432	22	0.000	0
288	288	13803	28.475	14646.427	22	0.000	0
289	289	13364	4.394	16822.411	22	0.000	0
290	290	13599	3.752	18616.128	22	0.000	0
291	291	16375	115.530	9746.685	22	4580.250	4
292	292	16560	4.353	10781.922	22	0.000	0
293	293	13975	4.084	14751.639	22	0.000	0
294	294	13331	4.111	14571.661	22	0.000	0
295	295	13033	3.812	12183.221	22	0.000	0
296	296	20240	228.846	13066.350	22	5760.500	18
297	297	16627	3.866	10561.495	22	4126.000	1
298	298	14710	3.869	12429.617	22	0.000	0
299	299	11753	4.159	13525.981	22	0.000	0
300	300	12519	3.706	16680.330	23	0.000	0
301	301	17894	3.882	10308.550	23	0.000	0
302	302	11722	3.811	18230.449	23	5937.000	2
303	303	12492	3.768	15611.573	23	7620.000	2
304	304	24941	3.921	13343.165	23	0.000	0
305	305	18246	160.345	15003.315	23	12288.000	1
306	306	25297	3.803	13815.754	23	0.000	0
307	307	12518	3.935	18244.828	23	23980.000	1
308	308	12943	3.933	15729.898	23	7876.000	1
309	309	14431	3.862	14698.428	23	0.000	0
310	310	12175	3.898	22461.133	23	0.000	0
311	311	19128	3.835	9488.091	23	0.000	0
312	312	14683	3.785	13307.874	23	0.000	0
313	313	12279	4.022	15821.516	23	0.000	0
314	314	17875	5.401	9697.307	24	0.000	0
315	315	18346	72.997	9368.368	24	5770.200	10
316	316	18115	72.147	9653.581	24	0.000	0
317	317	22664	160.515	10583.092	24	0.000	0
318	318	14783	13.661	12868.708	24	0.000	0
319	319	16880	80.533	11902.437	24	6173.727	11
320	320	16657	89.182	11373.477	24	4492.750	4
321	321	22378	175.282	10659.236	24	0.000	0
322	322	17991	125.903	11109.899	24	4851.500	2
323	323	17897	139.807	11722.397	24	0.000	0
324	324	21276	212.896	12167.742	24	0.000	0
325	325	16785	108.319	7174.405	25	4802.750	4
326	326	17296	86.754	8009.457	25	4831.000	1
327	327	18436	93.755	8295.683	25	5290.909	11
328	328	14701	183.408	10922.062	25	3938.000	1
329	329	15565	198.782	10266.417	25	4822.333	3
330	330	18200	4.158	7696.187	25	7344.545	11
331	331	15916	115.688	10045.041	25	6647.857	7
332	332	15807	208.368	9612.965	25	5021.500	4
333	333	15450	3.843	10593.919	25	5178.923	13
334	334	17812	4.114	8555.491	25	0.000	0
335	335	19084	4.389	8166.203	25	5036.000	1
336	336	13411	4.224	10500.421	25	0.000	0
337	337	14988	5.620	7958.202	26	0.000	0
338	338	12825	4.511	16945.653	26	0.000	0
339	339	12549	4.563	10257.409	26	0.000	0
340	340	13330	4.656	9603.405	26	0.000	0
341	341	12098	7.040	9224.194	26	0.000	0
342	342	16874	226.490	10205.061	26	5274.714	7
343	343	16475	213.236	11283.692	26	4954.273	11
344	344	12212	5.751	10827.222	26	0.000	0
345	345	10934	5.677	17027.654	26	0.000	0
346	346	15546	102.400	10288.252	26	5607.714	7
347	347	13796	137.686	11738.107	26	5292.750	4
348	348	15451	200.470	11379.151	26	4826.400	10
349	349	15870	163.423	10933.613	26	5257.909	11
350	350	13837	7.277	9310.953	26	0.000	0
351	351	15947	188.148	13862.773	26	7098.500	2
352	352	18178	230.502	10223.222	26	0.000	0
353	353	12988	5.516	11625.170	27	4904.000	1
354	354	16967	6.677	8869.300	27	4146.000	3
355	355	14420	5.791	10404.694	27	4447.000	2
356	356	15359	198.898	11784.772	27	6372.667	18
357	357	12778	192.213	15356.688	27	5859.579	19
358	358	16620	203.425	12039.869	27	6358.375	24
359	359	12575	77.527	10966.319	27	8245.789	19
360	360	9339	6.521	19325.481	27	0.000	0
361	361	14636	11.281	10896.559	27	9023.391	23
362	362	8637	8.491	23720.808	27	6370.000	14
363	363	17323	259.888	12156.812	27	7359.593	27
364	364	10514	6.262	20404.511	27	0.000	0
365	365	19009	5.582	6939.667	28	0.000	0
366	366	18263	4.114	7399.072	28	0.000	0
367	367	16782	4.177	9254.006	28	5934.800	5
368	368	19397	4.492	6934.155	28	0.000	0
369	369	17664	4.064	8007.481	28	6298.000	4
370	370	20531	4.055	8800.623	28	7793.333	3
371	371	10548	4.033	18122.619	28	0.000	0
372	372	18276	4.044	8034.984	28	0.000	0
373	373	20334	4.078	6809.572	28	5366.000	5
374	374	12986	4.020	14285.525	28	0.000	0
375	375	17343	3.976	9082.695	28	0.000	0
376	376	16866	4.186	8790.994	28	0.000	0
377	377	9083	4.169	23913.447	29	0.000	0
378	378	11933	3.959	17732.258	29	0.000	0
379	379	10444	4.725	22384.412	29	0.000	0
380	380	10113	4.176	17441.516	29	0.000	0
381	381	17181	346.149	10572.598	29	9745.923	13
382	382	14016	3.899	11577.108	29	0.000	0
383	383	9629	4.104	24832.878	29	0.000	0
384	384	14408	4.049	11807.402	29	5179.000	2
385	385	13925	4.404	12113.169	29	4024.000	1
386	386	12939	4.363	13573.516	29	0.000	0
387	387	15494	4.049	11683.380	29	8067.000	1
388	388	15013	4.006	11167.566	29	0.000	0
389	389	14509	4.113	11160.322	29	5588.000	3
390	390	14123	4.226	11495.095	29	4895.500	2
391	391	16180	4.081	11875.292	29	6039.556	9
392	392	13644	3.912	11976.702	29	0.000	0
393	393	13554	3.929	10977.154	30	0.000	0
394	394	10947	5.152	20430.012	30	0.000	0
395	395	12151	4.098	12581.635	30	0.000	0
396	396	12649	5.279	12333.024	30	0.000	0
397	397	21826	305.269	9725.937	30	0.000	0
398	398	17432	5.888	10703.005	30	4815.143	7
399	399	20450	259.711	11327.032	30	8679.476	21
400	400	16190	6.476	10796.570	30	7678.545	11
401	401	21573	387.591	10476.118	30	3918.000	1
402	402	12698	6.434	13946.393	30	0.000	0
403	403	19066	303.769	13723.947	30	7824.067	15
404	404	14216	5.923	12112.725	30	0.000	0
405	405	10789	5.798	17481.031	30	0.000	0
406	406	10708	5.058	21825.551	30	3975.000	1
