## ROI	Slice	EdU	X	Y	Cy5	FociPerCell	Condition
1	1	19195.914846012107	393.0	217.0	759	4	Ctrl_H2O2
1	1	19195.914846012107	429.0	221.0	686	4	Ctrl_H2O2
1	1	19195.914846012107	463.0	135.0	733	4	Ctrl_H2O2
1	1	19195.914846012107	503.0	215.0	850	4	Ctrl_H2O2
2	1	19300.587723440134	464.0	387.0	723	8	Ctrl_H2O2
2	1	19300.587723440134	470.0	311.0	929	8	Ctrl_H2O2
2	1	19300.587723440134	516.0	368.0	805	8	Ctrl_H2O2
2	1	19300.587723440134	528.0	406.0	855	8	Ctrl_H2O2
2	1	19300.587723440134	561.0	357.0	1462	8	Ctrl_H2O2
2	1	19300.587723440134	573.0	452.0	756	8	Ctrl_H2O2
2	1	19300.587723440134	584.0	403.0	1082	8	Ctrl_H2O2
2	1	19300.587723440134	600.0	397.0	790	8	Ctrl_H2O2
3	1	5318.540358035689	142.0	575.0	3647	6	Ctrl_H2O2
3	1	5318.540358035689	148.0	571.0	3309	6	Ctrl_H2O2
3	1	5318.540358035689	149.0	579.0	3647	6	Ctrl_H2O2
3	1	5318.540358035689	155.0	571.0	3647	6	Ctrl_H2O2
3	1	5318.540358035689	169.0	581.0	3421	6	Ctrl_H2O2
3	1	5318.540358035689	172.0	594.0	2048	6	Ctrl_H2O2
4	1	14599.739738208722	794.0	587.0	1023	7	Ctrl_H2O2
4	1	14599.739738208722	796.0	593.0	905	7	Ctrl_H2O2
4	1	14599.739738208722	805.0	521.0	724	7	Ctrl_H2O2
4	1	14599.739738208722	821.0	595.0	745	7	Ctrl_H2O2
4	1	14599.739738208722	826.0	574.0	1260	7	Ctrl_H2O2
4	1	14599.739738208722	848.0	590.0	891	7	Ctrl_H2O2
4	1	14599.739738208722	862.0	518.0	880	7	Ctrl_H2O2
6	1	541.5884781102172	79.0	726.0	755	9	Ctrl_H2O2
6	1	541.5884781102172	83.0	679.0	758	9	Ctrl_H2O2
6	1	541.5884781102172	102.0	773.0	1351	9	Ctrl_H2O2
6	1	541.5884781102172	108.0	699.0	706	9	Ctrl_H2O2
6	1	541.5884781102172	187.0	727.0	1264	9	Ctrl_H2O2
6	1	541.5884781102172	243.0	713.0	2227	9	Ctrl_H2O2
6	1	541.5884781102172	251.0	766.0	705	9	Ctrl_H2O2
6	1	541.5884781102172	256.0	695.0	1079	9	Ctrl_H2O2
6	1	541.5884781102172	286.0	752.0	903	9	Ctrl_H2O2
7	1	22827.2250296824	672.0	750.0	654	1	Ctrl_H2O2
12	2	553.1042871725076	300.0	531.0	655	1	Ctrl_H2O2
18	3	20181.26733725663	821.0	492.0	724	1	Ctrl_H2O2
19	3	4997.47874701965	597.0	554.0	1651	4	Ctrl_H2O2
19	3	4997.47874701965	618.0	620.0	972	4	Ctrl_H2O2
19	3	4997.47874701965	637.0	558.0	773	4	Ctrl_H2O2
19	3	4997.47874701965	691.0	633.0	914	4	Ctrl_H2O2
21	3	596.4390934844192	795.0	856.0	928	2	Ctrl_H2O2
21	3	596.4390934844192	918.0	808.0	933	2	Ctrl_H2O2
22	3	686.2695710009976	50.0	914.0	898	11	Ctrl_H2O2
22	3	686.2695710009976	51.0	982.0	813	11	Ctrl_H2O2
22	3	686.2695710009976	76.0	1016.0	2356	11	Ctrl_H2O2
22	3	686.2695710009976	90.0	878.0	1544	11	Ctrl_H2O2
22	3	686.2695710009976	98.0	953.0	993	11	Ctrl_H2O2
22	3	686.2695710009976	103.0	972.0	915	11	Ctrl_H2O2
22	3	686.2695710009976	118.0	989.0	963	11	Ctrl_H2O2
22	3	686.2695710009976	131.0	861.0	2287	11	Ctrl_H2O2
22	3	686.2695710009976	148.0	967.0	879	11	Ctrl_H2O2
22	3	686.2695710009976	153.0	918.0	1434	11	Ctrl_H2O2
22	3	686.2695710009976	166.0	955.0	819	11	Ctrl_H2O2
24	4	15195.176809847637	220.0	192.0	754	3	Ctrl_H2O2
24	4	15195.176809847637	265.0	147.0	728	3	Ctrl_H2O2
24	4	15195.176809847637	330.0	148.0	1165	3	Ctrl_H2O2
27	4	18429.928837742882	657.0	478.0	982	13	Ctrl_H2O2
27	4	18429.928837742882	665.0	468.0	864	13	Ctrl_H2O2
27	4	18429.928837742882	687.0	426.0	738	13	Ctrl_H2O2
27	4	18429.928837742882	696.0	496.0	1043	13	Ctrl_H2O2
27	4	18429.928837742882	723.0	519.0	981	13	Ctrl_H2O2
27	4	18429.928837742882	737.0	502.0	1180	13	Ctrl_H2O2
27	4	18429.928837742882	744.0	521.0	813	13	Ctrl_H2O2
27	4	18429.928837742882	748.0	464.0	751	13	Ctrl_H2O2
27	4	18429.928837742882	769.0	518.0	1160	13	Ctrl_H2O2
27	4	18429.928837742882	783.0	511.0	1062	13	Ctrl_H2O2
27	4	18429.928837742882	820.0	508.0	824	13	Ctrl_H2O2
27	4	18429.928837742882	838.0	524.0	1216	13	Ctrl_H2O2
27	4	18429.928837742882	839.0	507.0	811	13	Ctrl_H2O2
29	4	18920.61508539251	409.0	651.0	1006	14	Ctrl_H2O2
29	4	18920.61508539251	415.0	678.0	985	14	Ctrl_H2O2
29	4	18920.61508539251	421.0	628.0	999	14	Ctrl_H2O2
29	4	18920.61508539251	438.0	648.0	794	14	Ctrl_H2O2
29	4	18920.61508539251	443.0	694.0	1065	14	Ctrl_H2O2
29	4	18920.61508539251	459.0	624.0	1665	14	Ctrl_H2O2
29	4	18920.61508539251	460.0	718.0	873	14	Ctrl_H2O2
29	4	18920.61508539251	499.0	641.0	1018	14	Ctrl_H2O2
29	4	18920.61508539251	508.0	769.0	829	14	Ctrl_H2O2
29	4	18920.61508539251	516.0	738.0	928	14	Ctrl_H2O2
29	4	18920.61508539251	516.0	784.0	828	14	Ctrl_H2O2
29	4	18920.61508539251	538.0	791.0	1463	14	Ctrl_H2O2
29	4	18920.61508539251	554.0	754.0	1255	14	Ctrl_H2O2
29	4	18920.61508539251	573.0	687.0	906	14	Ctrl_H2O2
30	4	12997.488933139311	687.0	790.0	1600	17	Ctrl_H2O2
30	4	12997.488933139311	697.0	710.0	2187	17	Ctrl_H2O2
30	4	12997.488933139311	713.0	696.0	725	17	Ctrl_H2O2
30	4	12997.488933139311	716.0	740.0	1305	17	Ctrl_H2O2
30	4	12997.488933139311	724.0	811.0	895	17	Ctrl_H2O2
30	4	12997.488933139311	733.0	725.0	1075	17	Ctrl_H2O2
30	4	12997.488933139311	758.0	749.0	931	17	Ctrl_H2O2
30	4	12997.488933139311	763.0	763.0	864	17	Ctrl_H2O2
30	4	12997.488933139311	765.0	689.0	1392	17	Ctrl_H2O2
30	4	12997.488933139311	769.0	800.0	894	17	Ctrl_H2O2
30	4	12997.488933139311	774.0	711.0	1271	17	Ctrl_H2O2
30	4	12997.488933139311	774.0	727.0	754	17	Ctrl_H2O2
30	4	12997.488933139311	779.0	767.0	894	17	Ctrl_H2O2
30	4	12997.488933139311	787.0	733.0	736	17	Ctrl_H2O2
30	4	12997.488933139311	788.0	792.0	1277	17	Ctrl_H2O2
30	4	12997.488933139311	794.0	721.0	1005	17	Ctrl_H2O2
30	4	12997.488933139311	828.0	742.0	696	17	Ctrl_H2O2
34	5	26662.94967809749	471.0	201.0	695	2	Ctrl
34	5	26662.94967809749	586.0	229.0	1194	2	Ctrl
35	5	23611.23893235159	235.0	479.0	2283	2	Ctrl
35	5	23611.23893235159	314.0	421.0	1912	2	Ctrl
37	5	24589.05638095238	222.0	742.0	840	2	Ctrl
37	5	24589.05638095238	261.0	723.0	795	2	Ctrl
41	6	40179.42747825075	105.0	355.0	1351	5	Ctrl
41	6	40179.42747825075	127.0	181.0	2974	5	Ctrl
41	6	40179.42747825075	127.0	193.0	2787	5	Ctrl
41	6	40179.42747825075	144.0	298.0	3609	5	Ctrl
41	6	40179.42747825075	197.0	279.0	2651	5	Ctrl
42	6	1425.4184009621417	660.0	557.0	1023	1	Ctrl
43	6	31122.633806729402	855.0	560.0	829	20	Ctrl
43	6	31122.633806729402	878.0	618.0	1212	20	Ctrl
43	6	31122.633806729402	882.0	653.0	820	20	Ctrl
43	6	31122.633806729402	889.0	509.0	1162	20	Ctrl
43	6	31122.633806729402	904.0	679.0	791	20	Ctrl
43	6	31122.633806729402	918.0	538.0	799	20	Ctrl
43	6	31122.633806729402	922.0	564.0	1642	20	Ctrl
43	6	31122.633806729402	926.0	636.0	1095	20	Ctrl
43	6	31122.633806729402	939.0	647.0	976	20	Ctrl
43	6	31122.633806729402	940.0	611.0	1792	20	Ctrl
43	6	31122.633806729402	955.0	583.0	989	20	Ctrl
43	6	31122.633806729402	957.0	564.0	1012	20	Ctrl
43	6	31122.633806729402	964.0	525.0	2124	20	Ctrl
43	6	31122.633806729402	968.0	621.0	1232	20	Ctrl
43	6	31122.633806729402	972.0	669.0	1008	20	Ctrl
43	6	31122.633806729402	973.0	636.0	1088	20	Ctrl
43	6	31122.633806729402	981.0	594.0	1006	20	Ctrl
43	6	31122.633806729402	982.0	606.0	1427	20	Ctrl
43	6	31122.633806729402	986.0	642.0	1779	20	Ctrl
43	6	31122.633806729402	988.0	565.0	796	20	Ctrl
45	6	927.8179748033359	420.0	817.0	897	2	Ctrl
45	6	927.8179748033359	546.0	876.0	1241	2	Ctrl
46	6	42760.46169719788	668.0	918.0	1242	11	Ctrl
46	6	42760.46169719788	695.0	896.0	769	11	Ctrl
46	6	42760.46169719788	697.0	834.0	986	11	Ctrl
46	6	42760.46169719788	712.0	877.0	1065	11	Ctrl
46	6	42760.46169719788	719.0	860.0	3437	11	Ctrl
46	6	42760.46169719788	727.0	895.0	925	11	Ctrl
46	6	42760.46169719788	738.0	938.0	1482	11	Ctrl
46	6	42760.46169719788	749.0	826.0	880	11	Ctrl
46	6	42760.46169719788	777.0	819.0	1563	11	Ctrl
46	6	42760.46169719788	777.0	876.0	1440	11	Ctrl
46	6	42760.46169719788	791.0	901.0	1989	11	Ctrl
49	7	27998.740371964013	554.0	336.0	2589	14	Ctrl
49	7	27998.740371964013	567.0	312.0	1015	14	Ctrl
49	7	27998.740371964013	601.0	371.0	875	14	Ctrl
49	7	27998.740371964013	607.0	316.0	1695	14	Ctrl
49	7	27998.740371964013	625.0	376.0	772	14	Ctrl
49	7	27998.740371964013	632.0	360.0	894	14	Ctrl
49	7	27998.740371964013	640.0	300.0	1235	14	Ctrl
49	7	27998.740371964013	640.0	348.0	1750	14	Ctrl
49	7	27998.740371964013	651.0	346.0	1380	14	Ctrl
49	7	27998.740371964013	652.0	300.0	1441	14	Ctrl
49	7	27998.740371964013	653.0	284.0	2041	14	Ctrl
49	7	27998.740371964013	661.0	295.0	841	14	Ctrl
49	7	27998.740371964013	683.0	369.0	1465	14	Ctrl
49	7	27998.740371964013	693.0	409.0	1106	14	Ctrl
50	7	18191.78218835305	944.0	477.0	1375	2	Ctrl
50	7	18191.78218835305	997.0	451.0	776	2	Ctrl
51	7	39529.2034026918	612.0	561.0	809	15	Ctrl
51	7	39529.2034026918	622.0	556.0	1079	15	Ctrl
51	7	39529.2034026918	643.0	596.0	1632	15	Ctrl
51	7	39529.2034026918	661.0	593.0	3564	15	Ctrl
51	7	39529.2034026918	676.0	596.0	1191	15	Ctrl
51	7	39529.2034026918	702.0	637.0	1178	15	Ctrl
51	7	39529.2034026918	704.0	566.0	1119	15	Ctrl
51	7	39529.2034026918	712.0	661.0	715	15	Ctrl
51	7	39529.2034026918	740.0	630.0	766	15	Ctrl
51	7	39529.2034026918	741.0	592.0	802	15	Ctrl
51	7	39529.2034026918	746.0	562.0	1253	15	Ctrl
51	7	39529.2034026918	766.0	593.0	775	15	Ctrl
51	7	39529.2034026918	766.0	607.0	1036	15	Ctrl
51	7	39529.2034026918	774.0	661.0	1596	15	Ctrl
51	7	39529.2034026918	780.0	652.0	992	15	Ctrl
53	7	23483.18607538191	86.0	628.0	1393	12	Ctrl
53	7	23483.18607538191	119.0	607.0	1252	12	Ctrl
53	7	23483.18607538191	167.0	609.0	848	12	Ctrl
53	7	23483.18607538191	167.0	692.0	848	12	Ctrl
53	7	23483.18607538191	180.0	584.0	990	12	Ctrl
53	7	23483.18607538191	181.0	642.0	981	12	Ctrl
53	7	23483.18607538191	196.0	587.0	1097	12	Ctrl
53	7	23483.18607538191	207.0	700.0	830	12	Ctrl
53	7	23483.18607538191	209.0	600.0	882	12	Ctrl
53	7	23483.18607538191	250.0	627.0	1352	12	Ctrl
53	7	23483.18607538191	262.0	684.0	979	12	Ctrl
53	7	23483.18607538191	271.0	621.0	2071	12	Ctrl
54	7	26000.063852514144	594.0	804.0	1896	8	Ctrl
54	7	26000.063852514144	594.0	818.0	885	8	Ctrl
54	7	26000.063852514144	605.0	773.0	1410	8	Ctrl
54	7	26000.063852514144	623.0	817.0	910	8	Ctrl
54	7	26000.063852514144	658.0	798.0	1162	8	Ctrl
54	7	26000.063852514144	682.0	763.0	1293	8	Ctrl
54	7	26000.063852514144	701.0	811.0	1005	8	Ctrl
54	7	26000.063852514144	701.0	831.0	1115	8	Ctrl
55	7	45390.296575859466	261.0	842.0	1268	21	Ctrl
55	7	45390.296575859466	274.0	865.0	1874	21	Ctrl
55	7	45390.296575859466	291.0	834.0	1153	21	Ctrl
55	7	45390.296575859466	293.0	892.0	902	21	Ctrl
55	7	45390.296575859466	295.0	854.0	1649	21	Ctrl
55	7	45390.296575859466	296.0	916.0	1938	21	Ctrl
55	7	45390.296575859466	317.0	910.0	801	21	Ctrl
55	7	45390.296575859466	322.0	812.0	1379	21	Ctrl
55	7	45390.296575859466	331.0	882.0	1861	21	Ctrl
55	7	45390.296575859466	341.0	835.0	2608	21	Ctrl
55	7	45390.296575859466	360.0	955.0	1028	21	Ctrl
55	7	45390.296575859466	367.0	838.0	1353	21	Ctrl
55	7	45390.296575859466	384.0	825.0	975	21	Ctrl
55	7	45390.296575859466	384.0	877.0	1262	21	Ctrl
55	7	45390.296575859466	389.0	927.0	1463	21	Ctrl
55	7	45390.296575859466	394.0	849.0	829	21	Ctrl
55	7	45390.296575859466	397.0	939.0	1806	21	Ctrl
55	7	45390.296575859466	413.0	845.0	2929	21	Ctrl
55	7	45390.296575859466	418.0	895.0	1059	21	Ctrl
55	7	45390.296575859466	424.0	942.0	1039	21	Ctrl
55	7	45390.296575859466	446.0	903.0	1649	21	Ctrl
56	8	36023.86895683202	855.0	80.0	915	15	Ctrl
56	8	36023.86895683202	866.0	171.0	982	15	Ctrl
56	8	36023.86895683202	878.0	121.0	873	15	Ctrl
56	8	36023.86895683202	881.0	66.0	914	15	Ctrl
56	8	36023.86895683202	881.0	143.0	1600	15	Ctrl
56	8	36023.86895683202	896.0	243.0	1633	15	Ctrl
56	8	36023.86895683202	900.0	174.0	808	15	Ctrl
56	8	36023.86895683202	917.0	135.0	1269	15	Ctrl
56	8	36023.86895683202	921.0	185.0	2829	15	Ctrl
56	8	36023.86895683202	923.0	208.0	1354	15	Ctrl
56	8	36023.86895683202	938.0	86.0	1440	15	Ctrl
56	8	36023.86895683202	940.0	100.0	848	15	Ctrl
56	8	36023.86895683202	953.0	158.0	883	15	Ctrl
56	8	36023.86895683202	955.0	99.0	771	15	Ctrl
56	8	36023.86895683202	983.0	160.0	1271	15	Ctrl
58	8	43879.61087948395	279.0	567.0	2560	8	Ctrl
58	8	43879.61087948395	316.0	506.0	2101	8	Ctrl
58	8	43879.61087948395	316.0	515.0	1053	8	Ctrl
58	8	43879.61087948395	321.0	551.0	1530	8	Ctrl
58	8	43879.61087948395	349.0	483.0	1859	8	Ctrl
58	8	43879.61087948395	358.0	526.0	940	8	Ctrl
58	8	43879.61087948395	386.0	450.0	1169	8	Ctrl
58	8	43879.61087948395	396.0	487.0	1773	8	Ctrl
60	8	27646.31285068697	371.0	749.0	1303	24	Ctrl
60	8	27646.31285068697	371.0	777.0	2653	24	Ctrl
60	8	27646.31285068697	376.0	765.0	938	24	Ctrl
60	8	27646.31285068697	399.0	725.0	1696	24	Ctrl
60	8	27646.31285068697	411.0	829.0	2144	24	Ctrl
60	8	27646.31285068697	412.0	834.0	1592	24	Ctrl
60	8	27646.31285068697	425.0	827.0	985	24	Ctrl
60	8	27646.31285068697	431.0	740.0	1407	24	Ctrl
60	8	27646.31285068697	451.0	754.0	1597	24	Ctrl
60	8	27646.31285068697	468.0	761.0	1203	24	Ctrl
60	8	27646.31285068697	471.0	750.0	1089	24	Ctrl
60	8	27646.31285068697	481.0	708.0	2388	24	Ctrl
60	8	27646.31285068697	483.0	795.0	865	24	Ctrl
60	8	27646.31285068697	485.0	815.0	841	24	Ctrl
60	8	27646.31285068697	491.0	758.0	878	24	Ctrl
60	8	27646.31285068697	492.0	736.0	1276	24	Ctrl
60	8	27646.31285068697	503.0	846.0	1614	24	Ctrl
60	8	27646.31285068697	504.0	752.0	1472	24	Ctrl
60	8	27646.31285068697	508.0	765.0	1221	24	Ctrl
60	8	27646.31285068697	535.0	767.0	1943	24	Ctrl
60	8	27646.31285068697	537.0	726.0	1140	24	Ctrl
60	8	27646.31285068697	554.0	791.0	741	24	Ctrl
60	8	27646.31285068697	563.0	823.0	2759	24	Ctrl
60	8	27646.31285068697	571.0	810.0	1135	24	Ctrl
61	8	44566.79913896535	671.0	967.0	819	21	Ctrl
61	8	44566.79913896535	677.0	942.0	2605	21	Ctrl
61	8	44566.79913896535	694.0	977.0	1622	21	Ctrl
61	8	44566.79913896535	723.0	970.0	815	21	Ctrl
61	8	44566.79913896535	740.0	926.0	2461	21	Ctrl
61	8	44566.79913896535	744.0	892.0	1521	21	Ctrl
61	8	44566.79913896535	750.0	973.0	1692	21	Ctrl
61	8	44566.79913896535	755.0	944.0	2511	21	Ctrl
61	8	44566.79913896535	759.0	976.0	1915	21	Ctrl
61	8	44566.79913896535	781.0	974.0	1133	21	Ctrl
61	8	44566.79913896535	783.0	932.0	2254	21	Ctrl
61	8	44566.79913896535	786.0	945.0	1716	21	Ctrl
61	8	44566.79913896535	809.0	886.0	1153	21	Ctrl
61	8	44566.79913896535	811.0	988.0	2165	21	Ctrl
61	8	44566.79913896535	813.0	919.0	990	21	Ctrl
61	8	44566.79913896535	823.0	901.0	1724	21	Ctrl
61	8	44566.79913896535	827.0	848.0	2996	21	Ctrl
61	8	44566.79913896535	839.0	959.0	2988	21	Ctrl
61	8	44566.79913896535	847.0	932.0	1494	21	Ctrl
61	8	44566.79913896535	865.0	880.0	973	21	Ctrl
61	8	44566.79913896535	869.0	906.0	1577	21	Ctrl
62	8	19984.29440124417	187.0	896.0	924	17	Ctrl
62	8	19984.29440124417	201.0	960.0	1509	17	Ctrl
62	8	19984.29440124417	204.0	934.0	1902	17	Ctrl
62	8	19984.29440124417	206.0	958.0	1805	17	Ctrl
62	8	19984.29440124417	210.0	876.0	829	17	Ctrl
62	8	19984.29440124417	235.0	935.0	940	17	Ctrl
62	8	19984.29440124417	243.0	898.0	1603	17	Ctrl
62	8	19984.29440124417	269.0	973.0	870	17	Ctrl
62	8	19984.29440124417	280.0	988.0	1467	17	Ctrl
62	8	19984.29440124417	295.0	921.0	1049	17	Ctrl
62	8	19984.29440124417	300.0	902.0	1270	17	Ctrl
62	8	19984.29440124417	303.0	859.0	2349	17	Ctrl
62	8	19984.29440124417	308.0	953.0	1252	17	Ctrl
62	8	19984.29440124417	315.0	913.0	3162	17	Ctrl
62	8	19984.29440124417	333.0	979.0	3620	17	Ctrl
62	8	19984.29440124417	343.0	963.0	1222	17	Ctrl
62	8	19984.29440124417	346.0	909.0	1121	17	Ctrl
63	9	34527.92960046905	90.0	304.0	853	1	shSTN1_H2O2
64	9	35794.558944281525	569.0	263.0	1060	1	shSTN1_H2O2
65	9	36388.256370816875	389.0	231.0	793	1	shSTN1_H2O2
70	10	7032.424119301692	797.0	151.0	638	1	shSTN1_H2O2
83	11	17224.259321064175	349.0	462.0	526	1	shSTN1_H2O2
92	12	23339.521496411224	639.0	720.0	529	1	shSTN1_H2O2
97	13	47800.74012576145	738.0	543.0	1208	18	shSTN1
97	13	47800.74012576145	753.0	484.0	1063	18	shSTN1
97	13	47800.74012576145	767.0	470.0	1262	18	shSTN1
97	13	47800.74012576145	767.0	537.0	709	18	shSTN1
97	13	47800.74012576145	770.0	609.0	915	18	shSTN1
97	13	47800.74012576145	783.0	607.0	1357	18	shSTN1
97	13	47800.74012576145	800.0	611.0	901	18	shSTN1
97	13	47800.74012576145	808.0	484.0	1110	18	shSTN1
97	13	47800.74012576145	810.0	500.0	859	18	shSTN1
97	13	47800.74012576145	810.0	621.0	1200	18	shSTN1
97	13	47800.74012576145	832.0	450.0	822	18	shSTN1
97	13	47800.74012576145	839.0	560.0	3382	18	shSTN1
97	13	47800.74012576145	845.0	474.0	1145	18	shSTN1
97	13	47800.74012576145	849.0	561.0	1750	18	shSTN1
97	13	47800.74012576145	853.0	444.0	1259	18	shSTN1
97	13	47800.74012576145	855.0	551.0	2727	18	shSTN1
97	13	47800.74012576145	875.0	528.0	843	18	shSTN1
97	13	47800.74012576145	893.0	480.0	1012	18	shSTN1
98	13	43400.62193079217	353.0	625.0	1813	3	shSTN1
98	13	43400.62193079217	369.0	582.0	1712	3	shSTN1
98	13	43400.62193079217	370.0	622.0	1129	3	shSTN1
99	13	49772.30436519466	665.0	797.0	900	17	shSTN1
99	13	49772.30436519466	670.0	784.0	1299	17	shSTN1
99	13	49772.30436519466	673.0	854.0	1154	17	shSTN1
99	13	49772.30436519466	685.0	804.0	1309	17	shSTN1
99	13	49772.30436519466	695.0	819.0	1260	17	shSTN1
99	13	49772.30436519466	700.0	750.0	1219	17	shSTN1
99	13	49772.30436519466	700.0	770.0	1123	17	shSTN1
99	13	49772.30436519466	718.0	749.0	886	17	shSTN1
99	13	49772.30436519466	727.0	749.0	1056	17	shSTN1
99	13	49772.30436519466	732.0	777.0	1649	17	shSTN1
99	13	49772.30436519466	738.0	825.0	3056	17	shSTN1
99	13	49772.30436519466	747.0	731.0	821	17	shSTN1
99	13	49772.30436519466	763.0	832.0	1016	17	shSTN1
99	13	49772.30436519466	765.0	782.0	1627	17	shSTN1
99	13	49772.30436519466	772.0	819.0	781	17	shSTN1
99	13	49772.30436519466	785.0	767.0	969	17	shSTN1
99	13	49772.30436519466	789.0	755.0	849	17	shSTN1
101	14	40017.98746547695	41.0	305.0	962	8	shSTN1
101	14	40017.98746547695	44.0	274.0	780	8	shSTN1
101	14	40017.98746547695	82.0	287.0	767	8	shSTN1
101	14	40017.98746547695	93.0	237.0	1060	8	shSTN1
101	14	40017.98746547695	93.0	361.0	1155	8	shSTN1
101	14	40017.98746547695	104.0	352.0	1435	8	shSTN1
101	14	40017.98746547695	131.0	302.0	734	8	shSTN1
101	14	40017.98746547695	132.0	245.0	912	8	shSTN1
102	14	19909.375466559064	761.0	506.0	1138	8	shSTN1
102	14	19909.375466559064	802.0	499.0	1081	8	shSTN1
102	14	19909.375466559064	822.0	524.0	721	8	shSTN1
102	14	19909.375466559064	872.0	385.0	737	8	shSTN1
102	14	19909.375466559064	873.0	513.0	737	8	shSTN1
102	14	19909.375466559064	876.0	472.0	1721	8	shSTN1
102	14	19909.375466559064	881.0	486.0	1101	8	shSTN1
102	14	19909.375466559064	926.0	397.0	1004	8	shSTN1
103	14	22355.10972506154	349.0	525.0	814	6	shSTN1
103	14	22355.10972506154	363.0	518.0	1459	6	shSTN1
103	14	22355.10972506154	370.0	471.0	1230	6	shSTN1
103	14	22355.10972506154	384.0	565.0	1555	6	shSTN1
103	14	22355.10972506154	400.0	443.0	699	6	shSTN1
103	14	22355.10972506154	420.0	547.0	1254	6	shSTN1
104	14	1583.6863567073171	144.0	548.0	690	1	shSTN1
105	14	26077.471712775878	477.0	667.0	1227	6	shSTN1
105	14	26077.471712775878	505.0	678.0	1001	6	shSTN1
105	14	26077.471712775878	513.0	566.0	1429	6	shSTN1
105	14	26077.471712775878	520.0	546.0	907	6	shSTN1
105	14	26077.471712775878	545.0	626.0	1248	6	shSTN1
105	14	26077.471712775878	631.0	570.0	1278	6	shSTN1
107	14	42171.34829869643	655.0	833.0	832	10	shSTN1
107	14	42171.34829869643	658.0	908.0	755	10	shSTN1
107	14	42171.34829869643	670.0	836.0	970	10	shSTN1
107	14	42171.34829869643	677.0	894.0	1148	10	shSTN1
107	14	42171.34829869643	682.0	875.0	1593	10	shSTN1
107	14	42171.34829869643	702.0	863.0	1226	10	shSTN1
107	14	42171.34829869643	706.0	909.0	881	10	shSTN1
107	14	42171.34829869643	717.0	817.0	916	10	shSTN1
107	14	42171.34829869643	729.0	829.0	1782	10	shSTN1
107	14	42171.34829869643	760.0	881.0	1368	10	shSTN1
110	15	50949.985012266174	888.0	289.0	1553	11	shSTN1
110	15	50949.985012266174	899.0	314.0	3536	11	shSTN1
110	15	50949.985012266174	932.0	333.0	1452	11	shSTN1
110	15	50949.985012266174	941.0	443.0	1600	11	shSTN1
110	15	50949.985012266174	958.0	380.0	1075	11	shSTN1
110	15	50949.985012266174	963.0	244.0	2185	11	shSTN1
110	15	50949.985012266174	965.0	435.0	1589	11	shSTN1
110	15	50949.985012266174	974.0	428.0	1638	11	shSTN1
110	15	50949.985012266174	977.0	391.0	1159	11	shSTN1
110	15	50949.985012266174	984.0	297.0	1370	11	shSTN1
110	15	50949.985012266174	988.0	322.0	1470	11	shSTN1
114	15	42588.09412979057	785.0	687.0	1617	1	shSTN1
117	16	14562.216486996773	634.0	248.0	2613	4	shSTN1
117	16	14562.216486996773	672.0	286.0	1436	4	shSTN1
117	16	14562.216486996773	690.0	252.0	1924	4	shSTN1
117	16	14562.216486996773	724.0	302.0	1848	4	shSTN1
118	16	16047.035843373495	574.0	351.0	811	1	shSTN1
119	16	39096.28670453692	738.0	565.0	889	1	shSTN1
120	16	40688.6882536037	183.0	550.0	1010	2	shSTN1
120	16	40688.6882536037	230.0	528.0	1112	2	shSTN1
121	16	36101.670147831916	78.0	903.0	1211	4	shSTN1
121	16	36101.670147831916	88.0	896.0	1540	4	shSTN1
121	16	36101.670147831916	142.0	885.0	2337	4	shSTN1
121	16	36101.670147831916	168.0	820.0	1575	4	shSTN1
122	16	34997.777554535016	443.0	846.0	780	2	shSTN1
122	16	34997.777554535016	504.0	786.0	986	2	shSTN1
