## ROI	Slice	EdU	FociPerCell	FociPerCellNoise	Condition
1	1	19195.914846012107	4	3.5	Ctrl_H2O2
2	1	19300.587723440134	8	8.5	Ctrl_H2O2
3	1	5318.540358035689	6	6.5	Ctrl_H2O2
4	1	14599.739738208722	7	7.0	Ctrl_H2O2
5	1	512.1613577023498	0	0.0	Ctrl_H2O2
6	1	541.5884781102172	9	9.0	Ctrl_H2O2
7	1	22827.2250296824	1	1.0	Ctrl_H2O2
8	1	553.8259910860896	0	0.0	Ctrl_H2O2
9	2	489.4066949787659	0	-0.5	Ctrl_H2O2
10	2	565.2471304521409	0	0.0	Ctrl_H2O2
11	2	25310.664859671997	0	-0.5	Ctrl_H2O2
12	2	553.1042871725076	1	1.5	Ctrl_H2O2
13	2	10527.468388589052	0	0.0	Ctrl_H2O2
14	2	13680.914946034725	0	0.0	Ctrl_H2O2
15	2	31988.76430522305	0	0.5	Ctrl_H2O2
16	3	21883.88885925926	0	0.0	Ctrl_H2O2
17	3	20377.219744872713	0	-0.5	Ctrl_H2O2
18	3	20181.26733725663	1	0.5	Ctrl_H2O2
19	3	4997.47874701965	4	4.0	Ctrl_H2O2
20	3	566.7669756005296	0	0.0	Ctrl_H2O2
21	3	596.4390934844192	2	2.0	Ctrl_H2O2
22	3	686.2695710009976	11	10.5	Ctrl_H2O2
23	4	14467.280182705284	0	0.0	Ctrl_H2O2
24	4	15195.176809847637	3	2.5	Ctrl_H2O2
25	4	19246.014717832957	0	0.0	Ctrl_H2O2
26	4	12371.07985167663	0	-0.5	Ctrl_H2O2
27	4	18429.928837742882	13	13.5	Ctrl_H2O2
28	4	28979.932827307828	0	-0.5	Ctrl_H2O2
29	4	18920.61508539251	14	14.5	Ctrl_H2O2
30	4	12997.488933139311	17	17.5	Ctrl_H2O2
31	4	508.44966838036186	0	-0.5	Ctrl_H2O2
32	5	626.9383723316913	0	0.0	Ctrl
33	5	405.33859054570735	0	0.5	Ctrl
34	5	26662.94967809749	2	2.0	Ctrl
35	5	23611.23893235159	2	2.0	Ctrl
36	5	3575.5744667735175	0	0.0	Ctrl
37	5	24589.05638095238	2	2.5	Ctrl
38	5	459.711358992766	0	-0.5	Ctrl
39	5	566.2409823803191	0	0.5	Ctrl
40	5	494.67539267015707	0	-0.5	Ctrl
41	6	40179.42747825075	5	5.0	Ctrl
42	6	1425.4184009621417	1	1.0	Ctrl
43	6	31122.633806729402	20	20.0	Ctrl
44	6	457.596130592503	0	0.0	Ctrl
45	6	927.8179748033359	2	2.0	Ctrl
46	6	42760.46169719788	11	10.5	Ctrl
47	7	427.263323810462	0	0.0	Ctrl
48	7	443.8605603555911	0	0.5	Ctrl
49	7	27998.740371964013	14	14.0	Ctrl
50	7	18191.78218835305	2	2.0	Ctrl
51	7	39529.2034026918	15	14.5	Ctrl
52	7	640.6259076128113	0	0.0	Ctrl
53	7	23483.18607538191	12	12.0	Ctrl
54	7	26000.063852514144	8	8.0	Ctrl
55	7	45390.296575859466	21	21.0	Ctrl
56	8	36023.86895683202	15	15.5	Ctrl
57	8	479.82900374022444	0	0.0	Ctrl
58	8	43879.61087948395	8	8.5	Ctrl
59	8	590.4602763385146	0	0.0	Ctrl
60	8	27646.31285068697	24	24.0	Ctrl
61	8	44566.79913896535	21	20.5	Ctrl
62	8	19984.29440124417	17	17.0	Ctrl
63	9	34527.92960046905	1	1.0	shSTN1_H2O2
64	9	35794.558944281525	1	1.0	shSTN1_H2O2
65	9	36388.256370816875	1	1.0	shSTN1_H2O2
66	9	26805.973498763025	0	0.5	shSTN1_H2O2
67	9	18096.47475925206	0	0.0	shSTN1_H2O2
68	9	642.2871671496528	0	-0.5	shSTN1_H2O2
69	9	626.580464595578	0	-0.5	shSTN1_H2O2
70	10	7032.424119301692	1	0.5	shSTN1_H2O2
71	10	2312.5016638555862	0	0.5	shSTN1_H2O2
72	10	1758.9834894722196	0	0.5	shSTN1_H2O2
73	10	588.9368961352657	0	0.0	shSTN1_H2O2
74	10	602.4047854242125	0	-0.5	shSTN1_H2O2
75	10	11857.889272993923	0	-0.5	shSTN1_H2O2
76	10	4295.513473674513	0	0.5	shSTN1_H2O2
77	10	607.8264971287941	0	0.0	shSTN1_H2O2
78	10	10266.99694426708	0	-0.5	shSTN1_H2O2
79	11	5523.39960398159	0	0.0	shSTN1_H2O2
80	11	5941.588592598975	0	-0.5	shSTN1_H2O2
81	11	6633.243695097762	0	0.5	shSTN1_H2O2
82	11	19064.90021241018	0	0.0	shSTN1_H2O2
83	11	17224.259321064175	1	1.0	shSTN1_H2O2
84	11	20349.305540767436	0	0.5	shSTN1_H2O2
85	11	26974.5395461089	0	0.0	shSTN1_H2O2
86	12	869.0233909188197	0	0.0	shSTN1_H2O2
87	12	997.7781569965871	0	-0.5	shSTN1_H2O2
88	12	614.0717379233758	0	0.0	shSTN1_H2O2
89	12	777.1686017478153	0	-0.5	shSTN1_H2O2
90	12	18598.435710517482	0	0.0	shSTN1_H2O2
91	12	30454.388358247314	0	0.0	shSTN1_H2O2
92	12	23339.521496411224	1	1.5	shSTN1_H2O2
93	12	37515.6472469064	0	0.0	shSTN1_H2O2
94	12	25440.201074568544	0	0.5	shSTN1_H2O2
95	13	618.9248047270225	0	0.5	shSTN1
96	13	30530.869601110735	0	0.0	shSTN1
97	13	47800.74012576145	18	18.0	shSTN1
98	13	43400.62193079217	3	2.5	shSTN1
99	13	49772.30436519466	17	16.5	shSTN1
100	14	883.128609177623	0	0.0	shSTN1
101	14	40017.98746547695	8	7.5	shSTN1
102	14	19909.375466559064	8	8.5	shSTN1
103	14	22355.10972506154	6	5.5	shSTN1
104	14	1583.6863567073171	1	1.0	shSTN1
105	14	26077.471712775878	6	6.0	shSTN1
106	14	500.93589743589746	0	0.0	shSTN1
107	14	42171.34829869643	10	10.5	shSTN1
108	15	650.7477205287295	0	0.0	shSTN1
109	15	511.85821216553387	0	0.0	shSTN1
110	15	50949.985012266174	11	11.5	shSTN1
111	15	440.40744570837643	0	0.0	shSTN1
112	15	32626.096654998055	0	-0.5	shSTN1
113	15	585.8684320142814	0	-0.5	shSTN1
114	15	42588.09412979057	1	0.5	shSTN1
115	15	1492.500467094031	0	0.0	shSTN1
116	16	489.0953614224971	0	0.0	shSTN1
117	16	14562.216486996773	4	4.5	shSTN1
118	16	16047.035843373495	1	1.5	shSTN1
119	16	39096.28670453692	1	1.5	shSTN1
120	16	40688.6882536037	2	1.5	shSTN1
121	16	36101.670147831916	4	4.5	shSTN1
122	16	34997.777554535016	2	2.0	shSTN1
