## ROI	Slice	Cy5	FociPerCell	FociPerCellNoise	Condition
1	1	13898.45179213422	2	2.0	Etoposide_B02
2	1	11230.356665219279	1	1.0	Etoposide_B02
3	1	19867.501706242	0	0.0	Etoposide_B02
4	1	28902.716759214727	2	2.0	Etoposide_B02
5	1	11648.581615651925	1	1.0	Etoposide_B02
6	1	25293.005406654345	0	0.0	Etoposide_B02
7	1	16279.957319784058	2	2.5	Etoposide_B02
8	2	15751.502254065368	2	1.5	Etoposide_B02
9	2	13300.071040144088	0	0.5	Etoposide_B02
10	2	16462.098068799034	0	0.5	Etoposide_B02
11	2	15058.849051598356	3	3.0	Etoposide_B02
12	2	14990.334574201104	2	2.5	Etoposide_B02
13	2	15492.670414923292	5	5.0	Etoposide_B02
14	2	15613.828522171438	1	1.0	Etoposide_B02
15	2	15778.23088267187	4	4.0	Etoposide_B02
16	2	15837.721711581335	2	2.5	Etoposide_B02
17	3	12581.760760456275	0	-0.5	Etoposide_B02
18	3	16203.805323999448	1	1.0	Etoposide_B02
19	3	18333.525210084033	15	15.5	Etoposide_B02
20	3	14826.87057941824	7	7.5	Etoposide_B02
21	3	14275.092446724064	0	0.5	Etoposide_B02
22	3	18521.92345743296	2	1.5	Etoposide_B02
23	3	18532.901922866422	24	24.0	Etoposide_B02
24	3	11419.340780956358	3	2.5	Etoposide_B02
25	4	20762.913262134825	4	4.5	Etoposide_B02
26	4	14361.136291773428	30	30.0	Etoposide_B02
27	4	18637.070744288874	16	15.5	Etoposide_B02
28	4	19736.143859139942	10	10.0	Etoposide_B02
29	4	14438.997272764278	9	9.5	Etoposide_B02
30	4	12465.498718985977	2	2.5	Etoposide_B02
31	4	16831.132489786654	47	46.5	Etoposide_B02
32	4	22278.493327034368	20	20.0	Etoposide_B02
33	5	18412.723310245998	1	0.5	Etoposide_B02
34	5	14010.776399106913	6	6.0	Etoposide_B02
35	5	22426.016562572288	35	35.0	Etoposide_B02
36	5	15490.964603337703	9	9.0	Etoposide_B02
37	5	18347.77251130355	11	11.5	Etoposide_B02
38	6	1172.8415195575133	6	5.5	Ctrl_B02
39	6	1233.009406354515	16	15.5	Ctrl_B02
40	6	1268.9227246502235	11	11.5	Ctrl_B02
41	6	1236.5358989657916	0	0.0	Ctrl_B02
42	6	1229.6260080994082	6	5.5	Ctrl_B02
43	6	1253.6372504298397	25	25.0	Ctrl_B02
44	6	1369.3894053674794	1	1.5	Ctrl_B02
45	7	663.8884511481315	0	0.5	Ctrl_B02
46	7	1837.81626880384	21	21.0	Ctrl_B02
47	7	1010.4692203551804	15	15.5	Ctrl_B02
48	7	1867.2645921013477	14	13.5	Ctrl_B02
49	7	1149.8636260184805	12	12.0	Ctrl_B02
50	7	1982.9210335667713	16	16.5	Ctrl_B02
51	7	1046.9460188473095	4	4.0	Ctrl_B02
52	7	1039.008295695456	18	18.5	Ctrl_B02
53	8	1147.2162089536196	2	2.0	Ctrl_B02
54	8	1755.7860749591068	5	5.0	Ctrl_B02
55	8	1317.804923945429	9	8.5	Ctrl_B02
56	8	1632.1719749557642	1	0.5	Ctrl_B02
57	8	1057.3108908099982	14	13.5	Ctrl_B02
58	8	2485.948550004517	13	12.5	Ctrl_B02
59	8	1172.949394939494	1	1.0	Ctrl_B02
60	8	1490.1074232690935	30	30.0	Ctrl_B02
61	8	1495.3518324107654	10	9.5	Ctrl_B02
62	9	1544.1503773514062	20	20.0	Ctrl_B02
63	9	980.6671494086411	0	0.0	Ctrl_B02
64	9	708.520429034672	0	-0.5	Ctrl_B02
65	9	1758.55517802789	20	20.5	Ctrl_B02
66	9	638.2573815073815	1	1.5	Ctrl_B02
67	9	1049.2492758561937	7	7.0	Ctrl_B02
68	9	1024.9003557567917	3	2.5	Ctrl_B02
69	9	860.2251247530058	3	2.5	Ctrl_B02
70	10	11875.53818907115	40	40.0	Etoposide
71	10	13637.512560739353	88	88.5	Etoposide
72	10	12797.922674791533	152	152.0	Etoposide
73	10	12414.695321980818	48	48.0	Etoposide
74	10	14375.278423446185	38	38.0	Etoposide
75	10	17442.25155339431	44	44.5	Etoposide
76	11	1344.6257280669822	2	1.5	Etoposide
77	11	1468.9652743505765	2	1.5	Etoposide
78	11	1369.7979247458338	0	0.0	Etoposide
79	11	1404.214100213871	0	0.5	Etoposide
80	12	27159.6256271455	28	27.5	Etoposide
81	12	18808.596675793822	36	36.5	Etoposide
82	12	22021.29898516784	48	48.5	Etoposide
83	12	21011.74300393103	18	17.5	Etoposide
84	12	19188.79316150006	91	90.5	Etoposide
85	13	19298.132242601085	3	3.0	Etoposide
86	13	17551.461568973114	87	87.5	Etoposide
87	13	21701.877258764005	54	54.0	Etoposide
88	13	13637.500681222707	90	89.5	Etoposide
89	13	19352.173820304608	126	125.5	Etoposide
90	14	1232.1246187226816	28	28.0	Ctrl
91	14	2059.6639673311183	32	32.0	Ctrl
92	14	1566.981853437237	27	27.0	Ctrl
93	14	2235.425616685144	24	24.0	Ctrl
94	14	1531.062172359678	7	7.5	Ctrl
95	15	1296.0054209183672	13	13.0	Ctrl
96	15	789.9505808593029	8	7.5	Ctrl
97	15	2062.7172172782316	22	21.5	Ctrl
98	15	1404.2261730205278	18	17.5	Ctrl
99	15	1710.6265461682415	19	18.5	Ctrl
100	15	1255.0596942253385	2	2.5	Ctrl
101	15	1344.9245014245014	30	29.5	Ctrl
102	15	1176.6520525917517	2	2.0	Ctrl
103	16	1193.7187569508437	23	23.5	Ctrl
104	16	1035.271273803274	4	4.5	Ctrl
105	16	1061.662219239727	14	14.0	Ctrl
106	16	1312.026139088729	1	1.0	Ctrl
107	16	1282.7537802808208	13	13.0	Ctrl
108	16	2214.3112742253684	19	18.5	Ctrl
109	16	947.6184232365146	6	6.5	Ctrl
