## ROI	Slice	EdU	X	Y	Cy5	FociPerCell	Condition
1	1	24335.251302150482	343.0	137.0	591	1	Ctrl_H2O2
12	2	20436.913611691023	737.0	488.0	721	1	Ctrl_H2O2
20	3	24682.839842485704	456.0	568.0	632	1	Ctrl_H2O2
27	4	20330.546848504528	983.0	337.0	585	1	Ctrl_H2O2
32	5	3603.8293070806512	219.0	276.0	1331	3	Ctrl_H2O2
32	5	3603.8293070806512	272.0	288.0	1064	3	Ctrl_H2O2
32	5	3603.8293070806512	308.0	175.0	1165	3	Ctrl_H2O2
34	5	5165.903342926721	391.0	362.0	1100	5	Ctrl_H2O2
34	5	5165.903342926721	434.0	409.0	1735	5	Ctrl_H2O2
34	5	5165.903342926721	458.0	414.0	1533	5	Ctrl_H2O2
34	5	5165.903342926721	459.0	380.0	1520	5	Ctrl_H2O2
34	5	5165.903342926721	500.0	367.0	1097	5	Ctrl_H2O2
39	6	636.1133207300226	345.0	233.0	1268	12	Ctrl_H2O2
39	6	636.1133207300226	392.0	169.0	1236	12	Ctrl_H2O2
39	6	636.1133207300226	399.0	243.0	1515	12	Ctrl_H2O2
39	6	636.1133207300226	400.0	122.0	1979	12	Ctrl_H2O2
39	6	636.1133207300226	404.0	108.0	1206	12	Ctrl_H2O2
39	6	636.1133207300226	419.0	224.0	1729	12	Ctrl_H2O2
39	6	636.1133207300226	429.0	104.0	1622	12	Ctrl_H2O2
39	6	636.1133207300226	436.0	129.0	1480	12	Ctrl_H2O2
39	6	636.1133207300226	445.0	265.0	1173	12	Ctrl_H2O2
39	6	636.1133207300226	450.0	206.0	2449	12	Ctrl_H2O2
39	6	636.1133207300226	451.0	118.0	1902	12	Ctrl_H2O2
39	6	636.1133207300226	456.0	241.0	1200	12	Ctrl_H2O2
44	6	1474.41617342409	13.0	518.0	1621	17	Ctrl_H2O2
44	6	1474.41617342409	27.0	491.0	2001	17	Ctrl_H2O2
44	6	1474.41617342409	29.0	582.0	1325	17	Ctrl_H2O2
44	6	1474.41617342409	51.0	550.0	1074	17	Ctrl_H2O2
44	6	1474.41617342409	70.0	589.0	1207	17	Ctrl_H2O2
44	6	1474.41617342409	81.0	544.0	1092	17	Ctrl_H2O2
44	6	1474.41617342409	89.0	450.0	1612	17	Ctrl_H2O2
44	6	1474.41617342409	96.0	472.0	1775	17	Ctrl_H2O2
44	6	1474.41617342409	125.0	482.0	1136	17	Ctrl_H2O2
44	6	1474.41617342409	125.0	518.0	1701	17	Ctrl_H2O2
44	6	1474.41617342409	127.0	497.0	1081	17	Ctrl_H2O2
44	6	1474.41617342409	128.0	554.0	1186	17	Ctrl_H2O2
44	6	1474.41617342409	159.0	509.0	1061	17	Ctrl_H2O2
44	6	1474.41617342409	170.0	557.0	1016	17	Ctrl_H2O2
44	6	1474.41617342409	175.0	516.0	1409	17	Ctrl_H2O2
44	6	1474.41617342409	187.0	623.0	1240	17	Ctrl_H2O2
44	6	1474.41617342409	210.0	544.0	1204	17	Ctrl_H2O2
46	7	9494.424694589878	568.0	179.0	1349	4	Ctrl_H2O2
46	7	9494.424694589878	588.0	205.0	1491	4	Ctrl_H2O2
46	7	9494.424694589878	603.0	221.0	1406	4	Ctrl_H2O2
46	7	9494.424694589878	670.0	196.0	2185	4	Ctrl_H2O2
47	7	18014.407754301894	177.0	250.0	1058	1	Ctrl_H2O2
49	7	9509.47668418538	169.0	465.0	1150	7	Ctrl_H2O2
49	7	9509.47668418538	202.0	430.0	1221	7	Ctrl_H2O2
49	7	9509.47668418538	223.0	391.0	1770	7	Ctrl_H2O2
49	7	9509.47668418538	234.0	429.0	1235	7	Ctrl_H2O2
49	7	9509.47668418538	277.0	420.0	1134	7	Ctrl_H2O2
49	7	9509.47668418538	281.0	381.0	2677	7	Ctrl_H2O2
49	7	9509.47668418538	299.0	404.0	2486	7	Ctrl_H2O2
50	7	896.0212806294137	511.0	483.0	1347	1	Ctrl_H2O2
51	7	10298.874960158093	109.0	637.0	1392	2	Ctrl_H2O2
51	7	10298.874960158093	199.0	734.0	1229	2	Ctrl_H2O2
55	8	4417.479756097561	148.0	391.0	1390	7	Ctrl_H2O2
55	8	4417.479756097561	173.0	301.0	1122	7	Ctrl_H2O2
55	8	4417.479756097561	197.0	406.0	1373	7	Ctrl_H2O2
55	8	4417.479756097561	199.0	378.0	2092	7	Ctrl_H2O2
55	8	4417.479756097561	212.0	391.0	1200	7	Ctrl_H2O2
55	8	4417.479756097561	221.0	396.0	1239	7	Ctrl_H2O2
55	8	4417.479756097561	224.0	370.0	1117	7	Ctrl_H2O2
57	8	7098.963548740417	478.0	547.0	1125	4	Ctrl_H2O2
57	8	7098.963548740417	553.0	522.0	1171	4	Ctrl_H2O2
57	8	7098.963548740417	583.0	583.0	1284	4	Ctrl_H2O2
57	8	7098.963548740417	598.0	559.0	1045	4	Ctrl_H2O2
63	9	4664.504491541901	304.0	306.0	2865	2	Ctrl
63	9	4664.504491541901	421.0	339.0	1498	2	Ctrl
65	9	24066.755920758653	524.0	774.0	1171	7	Ctrl
65	9	24066.755920758653	545.0	740.0	1635	7	Ctrl
65	9	24066.755920758653	552.0	792.0	1113	7	Ctrl
65	9	24066.755920758653	554.0	691.0	1091	7	Ctrl
65	9	24066.755920758653	578.0	729.0	2092	7	Ctrl
65	9	24066.755920758653	601.0	722.0	1877	7	Ctrl
65	9	24066.755920758653	603.0	663.0	1238	7	Ctrl
66	9	2188.7399508181215	134.0	852.0	1801	2	Ctrl
66	9	2188.7399508181215	158.0	836.0	1992	2	Ctrl
68	10	32030.413393432067	328.0	130.0	1569	15	Ctrl
68	10	32030.413393432067	331.0	141.0	2012	15	Ctrl
68	10	32030.413393432067	350.0	136.0	1326	15	Ctrl
68	10	32030.413393432067	382.0	197.0	1744	15	Ctrl
68	10	32030.413393432067	414.0	119.0	1143	15	Ctrl
68	10	32030.413393432067	419.0	172.0	1079	15	Ctrl
68	10	32030.413393432067	428.0	290.0	1418	15	Ctrl
68	10	32030.413393432067	433.0	252.0	1091	15	Ctrl
68	10	32030.413393432067	449.0	145.0	1022	15	Ctrl
68	10	32030.413393432067	477.0	271.0	1607	15	Ctrl
68	10	32030.413393432067	480.0	186.0	1149	15	Ctrl
68	10	32030.413393432067	481.0	285.0	1260	15	Ctrl
68	10	32030.413393432067	488.0	158.0	1137	15	Ctrl
68	10	32030.413393432067	492.0	263.0	1240	15	Ctrl
68	10	32030.413393432067	524.0	232.0	1387	15	Ctrl
69	10	38706.64192886457	674.0	289.0	1198	23	Ctrl
69	10	38706.64192886457	679.0	324.0	1344	23	Ctrl
69	10	38706.64192886457	690.0	317.0	2627	23	Ctrl
69	10	38706.64192886457	707.0	272.0	1294	23	Ctrl
69	10	38706.64192886457	724.0	345.0	1293	23	Ctrl
69	10	38706.64192886457	752.0	293.0	1493	23	Ctrl
69	10	38706.64192886457	761.0	425.0	1309	23	Ctrl
69	10	38706.64192886457	766.0	287.0	1293	23	Ctrl
69	10	38706.64192886457	774.0	378.0	1278	23	Ctrl
69	10	38706.64192886457	778.0	412.0	1363	23	Ctrl
69	10	38706.64192886457	782.0	329.0	2240	23	Ctrl
69	10	38706.64192886457	783.0	292.0	1045	23	Ctrl
69	10	38706.64192886457	786.0	413.0	1771	23	Ctrl
69	10	38706.64192886457	788.0	366.0	1624	23	Ctrl
69	10	38706.64192886457	792.0	393.0	1261	23	Ctrl
69	10	38706.64192886457	794.0	311.0	1515	23	Ctrl
69	10	38706.64192886457	795.0	351.0	1866	23	Ctrl
69	10	38706.64192886457	809.0	340.0	1122	23	Ctrl
69	10	38706.64192886457	820.0	427.0	1566	23	Ctrl
69	10	38706.64192886457	832.0	378.0	1759	23	Ctrl
69	10	38706.64192886457	835.0	474.0	1412	23	Ctrl
69	10	38706.64192886457	838.0	384.0	1477	23	Ctrl
69	10	38706.64192886457	845.0	397.0	2150	23	Ctrl
70	10	25910.088232178794	147.0	379.0	1390	11	Ctrl
70	10	25910.088232178794	150.0	425.0	1469	11	Ctrl
70	10	25910.088232178794	160.0	331.0	1207	11	Ctrl
70	10	25910.088232178794	171.0	435.0	1199	11	Ctrl
70	10	25910.088232178794	182.0	400.0	1496	11	Ctrl
70	10	25910.088232178794	203.0	435.0	1049	11	Ctrl
70	10	25910.088232178794	221.0	397.0	1114	11	Ctrl
70	10	25910.088232178794	223.0	367.0	1179	11	Ctrl
70	10	25910.088232178794	260.0	451.0	1144	11	Ctrl
70	10	25910.088232178794	298.0	385.0	1455	11	Ctrl
70	10	25910.088232178794	311.0	445.0	2182	11	Ctrl
72	10	26692.536110559322	595.0	604.0	1832	17	Ctrl
72	10	26692.536110559322	602.0	600.0	1775	17	Ctrl
72	10	26692.536110559322	616.0	641.0	1402	17	Ctrl
72	10	26692.536110559322	621.0	540.0	1141	17	Ctrl
72	10	26692.536110559322	632.0	614.0	3325	17	Ctrl
72	10	26692.536110559322	651.0	639.0	2012	17	Ctrl
72	10	26692.536110559322	655.0	596.0	1925	17	Ctrl
72	10	26692.536110559322	678.0	646.0	1537	17	Ctrl
72	10	26692.536110559322	682.0	517.0	1093	17	Ctrl
72	10	26692.536110559322	687.0	659.0	1153	17	Ctrl
72	10	26692.536110559322	699.0	528.0	1695	17	Ctrl
72	10	26692.536110559322	705.0	664.0	1092	17	Ctrl
72	10	26692.536110559322	712.0	608.0	1446	17	Ctrl
72	10	26692.536110559322	723.0	590.0	1098	17	Ctrl
72	10	26692.536110559322	727.0	722.0	1377	17	Ctrl
72	10	26692.536110559322	728.0	624.0	1369	17	Ctrl
72	10	26692.536110559322	767.0	701.0	1536	17	Ctrl
74	10	28813.6624068541	424.0	865.0	1212	18	Ctrl
74	10	28813.6624068541	435.0	839.0	1512	18	Ctrl
74	10	28813.6624068541	445.0	838.0	1414	18	Ctrl
74	10	28813.6624068541	455.0	870.0	1557	18	Ctrl
74	10	28813.6624068541	457.0	791.0	2059	18	Ctrl
74	10	28813.6624068541	493.0	842.0	1099	18	Ctrl
74	10	28813.6624068541	505.0	813.0	1198	18	Ctrl
74	10	28813.6624068541	511.0	904.0	2295	18	Ctrl
74	10	28813.6624068541	519.0	807.0	1183	18	Ctrl
74	10	28813.6624068541	533.0	920.0	1747	18	Ctrl
74	10	28813.6624068541	534.0	850.0	1148	18	Ctrl
74	10	28813.6624068541	537.0	784.0	1732	18	Ctrl
74	10	28813.6624068541	541.0	893.0	1125	18	Ctrl
74	10	28813.6624068541	548.0	874.0	1252	18	Ctrl
74	10	28813.6624068541	559.0	896.0	1896	18	Ctrl
74	10	28813.6624068541	567.0	898.0	2602	18	Ctrl
74	10	28813.6624068541	576.0	861.0	1523	18	Ctrl
74	10	28813.6624068541	582.0	852.0	1226	18	Ctrl
75	10	20256.821147572442	713.0	908.0	1132	3	Ctrl
75	10	20256.821147572442	720.0	981.0	1610	3	Ctrl
75	10	20256.821147572442	736.0	954.0	1264	3	Ctrl
76	10	19044.19177366378	270.0	895.0	1803	6	Ctrl
76	10	19044.19177366378	283.0	959.0	1507	6	Ctrl
76	10	19044.19177366378	289.0	839.0	1269	6	Ctrl
76	10	19044.19177366378	293.0	903.0	1281	6	Ctrl
76	10	19044.19177366378	306.0	920.0	1772	6	Ctrl
76	10	19044.19177366378	314.0	975.0	1527	6	Ctrl
77	11	17688.208576186513	275.0	250.0	1214	4	Ctrl
77	11	17688.208576186513	333.0	273.0	1240	4	Ctrl
77	11	17688.208576186513	379.0	254.0	1102	4	Ctrl
77	11	17688.208576186513	408.0	225.0	2570	4	Ctrl
80	11	18198.674992642733	479.0	552.0	1170	4	Ctrl
80	11	18198.674992642733	513.0	505.0	1991	4	Ctrl
80	11	18198.674992642733	556.0	492.0	1464	4	Ctrl
80	11	18198.674992642733	568.0	574.0	1658	4	Ctrl
81	11	11941.302831652443	234.0	604.0	2143	4	Ctrl
81	11	11941.302831652443	236.0	712.0	2154	4	Ctrl
81	11	11941.302831652443	263.0	715.0	1052	4	Ctrl
81	11	11941.302831652443	279.0	698.0	1153	4	Ctrl
83	11	12739.264503917599	771.0	863.0	1663	6	Ctrl
83	11	12739.264503917599	772.0	848.0	1807	6	Ctrl
83	11	12739.264503917599	802.0	820.0	2192	6	Ctrl
83	11	12739.264503917599	814.0	861.0	1243	6	Ctrl
83	11	12739.264503917599	828.0	867.0	1237	6	Ctrl
83	11	12739.264503917599	874.0	867.0	1371	6	Ctrl
84	11	24221.502568248834	242.0	866.0	1194	2	Ctrl
84	11	24221.502568248834	308.0	869.0	1463	2	Ctrl
85	11	10979.347333065396	610.0	934.0	1743	1	Ctrl
91	12	36154.06904087994	327.0	613.0	1069	1	Ctrl
93	12	33687.992888701876	87.0	885.0	1108	9	Ctrl
93	12	33687.992888701876	99.0	869.0	1175	9	Ctrl
93	12	33687.992888701876	115.0	836.0	1327	9	Ctrl
93	12	33687.992888701876	121.0	903.0	1261	9	Ctrl
93	12	33687.992888701876	126.0	856.0	1091	9	Ctrl
93	12	33687.992888701876	167.0	839.0	1242	9	Ctrl
93	12	33687.992888701876	184.0	893.0	1420	9	Ctrl
93	12	33687.992888701876	202.0	845.0	1238	9	Ctrl
93	12	33687.992888701876	214.0	898.0	2562	9	Ctrl
94	13	21222.205292702485	532.0	168.0	1191	7	Ctrl
94	13	21222.205292702485	589.0	153.0	1415	7	Ctrl
94	13	21222.205292702485	600.0	145.0	2191	7	Ctrl
94	13	21222.205292702485	602.0	121.0	1207	7	Ctrl
94	13	21222.205292702485	631.0	160.0	2534	7	Ctrl
94	13	21222.205292702485	641.0	184.0	2538	7	Ctrl
94	13	21222.205292702485	672.0	132.0	1299	7	Ctrl
96	13	16681.617284940847	719.0	387.0	1514	2	Ctrl
96	13	16681.617284940847	773.0	419.0	1062	2	Ctrl
98	13	23438.639379326436	36.0	584.0	1239	12	Ctrl
98	13	23438.639379326436	36.0	621.0	1625	12	Ctrl
98	13	23438.639379326436	54.0	513.0	1500	12	Ctrl
98	13	23438.639379326436	62.0	493.0	1091	12	Ctrl
98	13	23438.639379326436	75.0	586.0	1978	12	Ctrl
98	13	23438.639379326436	98.0	645.0	1790	12	Ctrl
98	13	23438.639379326436	99.0	528.0	1783	12	Ctrl
98	13	23438.639379326436	105.0	575.0	1180	12	Ctrl
98	13	23438.639379326436	106.0	635.0	1607	12	Ctrl
98	13	23438.639379326436	122.0	522.0	1360	12	Ctrl
98	13	23438.639379326436	135.0	582.0	1844	12	Ctrl
98	13	23438.639379326436	153.0	594.0	1468	12	Ctrl
99	13	22833.81692692606	328.0	577.0	2171	9	Ctrl
99	13	22833.81692692606	330.0	559.0	1480	9	Ctrl
99	13	22833.81692692606	346.0	587.0	1491	9	Ctrl
99	13	22833.81692692606	401.0	598.0	1528	9	Ctrl
99	13	22833.81692692606	415.0	603.0	1251	9	Ctrl
99	13	22833.81692692606	418.0	575.0	1278	9	Ctrl
99	13	22833.81692692606	437.0	538.0	2469	9	Ctrl
99	13	22833.81692692606	437.0	561.0	1542	9	Ctrl
99	13	22833.81692692606	449.0	571.0	1128	9	Ctrl
101	13	31264.562384697543	746.0	832.0	1073	3	Ctrl
101	13	31264.562384697543	784.0	846.0	1404	3	Ctrl
101	13	31264.562384697543	799.0	779.0	1536	3	Ctrl
102	13	26828.002702394093	487.0	807.0	1627	9	Ctrl
102	13	26828.002702394093	491.0	826.0	1446	9	Ctrl
102	13	26828.002702394093	504.0	765.0	1764	9	Ctrl
102	13	26828.002702394093	521.0	815.0	1242	9	Ctrl
102	13	26828.002702394093	540.0	821.0	1232	9	Ctrl
102	13	26828.002702394093	543.0	850.0	2418	9	Ctrl
102	13	26828.002702394093	566.0	897.0	1840	9	Ctrl
102	13	26828.002702394093	621.0	800.0	1323	9	Ctrl
102	13	26828.002702394093	627.0	813.0	1821	9	Ctrl
103	13	35089.709451959054	167.0	851.0	1546	6	Ctrl
103	13	35089.709451959054	170.0	807.0	1410	6	Ctrl
103	13	35089.709451959054	176.0	798.0	1656	6	Ctrl
103	13	35089.709451959054	204.0	798.0	1802	6	Ctrl
103	13	35089.709451959054	231.0	775.0	2057	6	Ctrl
103	13	35089.709451959054	258.0	884.0	1732	6	Ctrl
104	14	2264.267095451815	795.0	143.0	1376	1	Ctrl
105	14	27882.62134464507	382.0	351.0	1950	15	Ctrl
105	14	27882.62134464507	383.0	315.0	2417	15	Ctrl
105	14	27882.62134464507	392.0	222.0	1083	15	Ctrl
105	14	27882.62134464507	409.0	247.0	1207	15	Ctrl
105	14	27882.62134464507	410.0	263.0	1440	15	Ctrl
105	14	27882.62134464507	422.0	217.0	1192	15	Ctrl
105	14	27882.62134464507	427.0	270.0	1368	15	Ctrl
105	14	27882.62134464507	436.0	229.0	1425	15	Ctrl
105	14	27882.62134464507	442.0	293.0	1091	15	Ctrl
105	14	27882.62134464507	447.0	244.0	1552	15	Ctrl
105	14	27882.62134464507	452.0	170.0	1177	15	Ctrl
105	14	27882.62134464507	468.0	314.0	1966	15	Ctrl
105	14	27882.62134464507	473.0	235.0	2848	15	Ctrl
105	14	27882.62134464507	481.0	354.0	1624	15	Ctrl
105	14	27882.62134464507	489.0	219.0	1570	15	Ctrl
106	14	24974.074132763788	831.0	373.0	1722	16	Ctrl
106	14	24974.074132763788	833.0	429.0	1570	16	Ctrl
106	14	24974.074132763788	841.0	413.0	1789	16	Ctrl
106	14	24974.074132763788	842.0	382.0	1337	16	Ctrl
106	14	24974.074132763788	848.0	301.0	1778	16	Ctrl
106	14	24974.074132763788	859.0	396.0	1275	16	Ctrl
106	14	24974.074132763788	868.0	332.0	1287	16	Ctrl
106	14	24974.074132763788	872.0	426.0	1397	16	Ctrl
106	14	24974.074132763788	874.0	435.0	1227	16	Ctrl
106	14	24974.074132763788	878.0	421.0	2158	16	Ctrl
106	14	24974.074132763788	893.0	369.0	1519	16	Ctrl
106	14	24974.074132763788	902.0	273.0	1241	16	Ctrl
106	14	24974.074132763788	903.0	287.0	1369	16	Ctrl
106	14	24974.074132763788	906.0	405.0	1585	16	Ctrl
106	14	24974.074132763788	949.0	384.0	1131	16	Ctrl
106	14	24974.074132763788	963.0	331.0	1045	16	Ctrl
107	14	37144.69859099419	657.0	368.0	1400	8	Ctrl
107	14	37144.69859099419	670.0	402.0	1547	8	Ctrl
107	14	37144.69859099419	685.0	439.0	1436	8	Ctrl
107	14	37144.69859099419	691.0	387.0	1345	8	Ctrl
107	14	37144.69859099419	705.0	417.0	1262	8	Ctrl
107	14	37144.69859099419	734.0	435.0	2286	8	Ctrl
107	14	37144.69859099419	737.0	450.0	2045	8	Ctrl
107	14	37144.69859099419	776.0	427.0	1347	8	Ctrl
108	14	39501.133609622055	230.0	449.0	1064	12	Ctrl
108	14	39501.133609622055	240.0	428.0	1416	12	Ctrl
108	14	39501.133609622055	254.0	390.0	1683	12	Ctrl
108	14	39501.133609622055	259.0	450.0	1115	12	Ctrl
108	14	39501.133609622055	281.0	493.0	1809	12	Ctrl
108	14	39501.133609622055	283.0	365.0	1547	12	Ctrl
108	14	39501.133609622055	301.0	492.0	1386	12	Ctrl
108	14	39501.133609622055	310.0	432.0	2713	12	Ctrl
108	14	39501.133609622055	314.0	482.0	2619	12	Ctrl
108	14	39501.133609622055	318.0	438.0	1407	12	Ctrl
108	14	39501.133609622055	343.0	445.0	1237	12	Ctrl
108	14	39501.133609622055	352.0	391.0	1266	12	Ctrl
110	14	32544.96655567346	796.0	596.0	1396	10	Ctrl
110	14	32544.96655567346	840.0	619.0	1121	10	Ctrl
110	14	32544.96655567346	844.0	719.0	1283	10	Ctrl
110	14	32544.96655567346	856.0	683.0	1780	10	Ctrl
110	14	32544.96655567346	863.0	730.0	1780	10	Ctrl
110	14	32544.96655567346	877.0	748.0	1548	10	Ctrl
110	14	32544.96655567346	880.0	580.0	1497	10	Ctrl
110	14	32544.96655567346	911.0	704.0	1108	10	Ctrl
110	14	32544.96655567346	921.0	683.0	1554	10	Ctrl
110	14	32544.96655567346	936.0	771.0	1649	10	Ctrl
111	14	35693.68246445498	94.0	735.0	1737	5	Ctrl
111	14	35693.68246445498	136.0	679.0	1095	5	Ctrl
111	14	35693.68246445498	180.0	763.0	3508	5	Ctrl
111	14	35693.68246445498	187.0	766.0	3584	5	Ctrl
111	14	35693.68246445498	191.0	753.0	2387	5	Ctrl
112	14	39967.86135990446	668.0	893.0	1065	18	Ctrl
112	14	39967.86135990446	696.0	866.0	1315	18	Ctrl
112	14	39967.86135990446	701.0	925.0	1097	18	Ctrl
112	14	39967.86135990446	705.0	941.0	1566	18	Ctrl
112	14	39967.86135990446	724.0	842.0	1369	18	Ctrl
112	14	39967.86135990446	732.0	908.0	1211	18	Ctrl
112	14	39967.86135990446	742.0	887.0	1292	18	Ctrl
112	14	39967.86135990446	744.0	880.0	1683	18	Ctrl
112	14	39967.86135990446	764.0	897.0	1498	18	Ctrl
112	14	39967.86135990446	772.0	852.0	1295	18	Ctrl
112	14	39967.86135990446	789.0	909.0	1482	18	Ctrl
112	14	39967.86135990446	790.0	944.0	3088	18	Ctrl
112	14	39967.86135990446	795.0	826.0	1450	18	Ctrl
112	14	39967.86135990446	796.0	882.0	1814	18	Ctrl
112	14	39967.86135990446	809.0	839.0	1748	18	Ctrl
112	14	39967.86135990446	819.0	837.0	1292	18	Ctrl
112	14	39967.86135990446	825.0	871.0	1120	18	Ctrl
112	14	39967.86135990446	843.0	852.0	1103	18	Ctrl
114	15	21854.126373223964	618.0	125.0	1059	3	Ctrl
114	15	21854.126373223964	633.0	146.0	1355	3	Ctrl
114	15	21854.126373223964	664.0	274.0	2255	3	Ctrl
115	15	9490.272838726456	823.0	206.0	1916	3	Ctrl
115	15	9490.272838726456	825.0	191.0	1116	3	Ctrl
115	15	9490.272838726456	869.0	171.0	1025	3	Ctrl
117	15	30041.409686791383	497.0	520.0	1736	4	Ctrl
117	15	30041.409686791383	515.0	447.0	1524	4	Ctrl
117	15	30041.409686791383	528.0	573.0	1068	4	Ctrl
117	15	30041.409686791383	548.0	601.0	1754	4	Ctrl
118	15	36750.69517391735	116.0	577.0	1434	6	Ctrl
118	15	36750.69517391735	145.0	534.0	1107	6	Ctrl
118	15	36750.69517391735	169.0	678.0	1089	6	Ctrl
118	15	36750.69517391735	171.0	617.0	1264	6	Ctrl
118	15	36750.69517391735	198.0	585.0	1466	6	Ctrl
118	15	36750.69517391735	237.0	629.0	1280	6	Ctrl
119	15	19242.13652498407	354.0	678.0	1211	9	Ctrl
119	15	19242.13652498407	356.0	713.0	1278	9	Ctrl
119	15	19242.13652498407	366.0	626.0	1350	9	Ctrl
119	15	19242.13652498407	377.0	634.0	1510	9	Ctrl
119	15	19242.13652498407	380.0	714.0	1366	9	Ctrl
119	15	19242.13652498407	389.0	751.0	1250	9	Ctrl
119	15	19242.13652498407	397.0	686.0	1330	9	Ctrl
119	15	19242.13652498407	401.0	714.0	2795	9	Ctrl
119	15	19242.13652498407	407.0	638.0	1755	9	Ctrl
120	15	20332.90280912365	84.0	899.0	1130	1	Ctrl
121	16	28474.519411055928	503.0	309.0	2056	2	Ctrl
121	16	28474.519411055928	563.0	293.0	1899	2	Ctrl
122	16	16877.5529969651	725.0	365.0	1097	4	Ctrl
122	16	16877.5529969651	773.0	353.0	2691	4	Ctrl
122	16	16877.5529969651	773.0	429.0	1944	4	Ctrl
122	16	16877.5529969651	792.0	423.0	1393	4	Ctrl
123	16	23807.051643939092	861.0	557.0	1770	12	Ctrl
123	16	23807.051643939092	885.0	518.0	1488	12	Ctrl
123	16	23807.051643939092	903.0	549.0	1166	12	Ctrl
123	16	23807.051643939092	920.0	510.0	1697	12	Ctrl
123	16	23807.051643939092	921.0	582.0	2842	12	Ctrl
123	16	23807.051643939092	925.0	538.0	1257	12	Ctrl
123	16	23807.051643939092	927.0	481.0	1910	12	Ctrl
123	16	23807.051643939092	927.0	603.0	1397	12	Ctrl
123	16	23807.051643939092	936.0	553.0	1481	12	Ctrl
123	16	23807.051643939092	938.0	582.0	1476	12	Ctrl
123	16	23807.051643939092	973.0	515.0	1879	12	Ctrl
123	16	23807.051643939092	977.0	483.0	1063	12	Ctrl
124	16	28476.154162042174	130.0	536.0	1144	10	Ctrl
124	16	28476.154162042174	134.0	514.0	1206	10	Ctrl
124	16	28476.154162042174	191.0	465.0	1103	10	Ctrl
124	16	28476.154162042174	214.0	469.0	2350	10	Ctrl
124	16	28476.154162042174	235.0	548.0	1244	10	Ctrl
124	16	28476.154162042174	239.0	479.0	1184	10	Ctrl
124	16	28476.154162042174	264.0	550.0	2421	10	Ctrl
124	16	28476.154162042174	265.0	493.0	1331	10	Ctrl
124	16	28476.154162042174	279.0	521.0	1838	10	Ctrl
124	16	28476.154162042174	285.0	548.0	1208	10	Ctrl
125	16	31615.526585686355	610.0	618.0	2214	1	Ctrl
126	16	26759.5039817108	380.0	716.0	1611	11	Ctrl
126	16	26759.5039817108	402.0	765.0	1316	11	Ctrl
126	16	26759.5039817108	404.0	746.0	1393	11	Ctrl
126	16	26759.5039817108	407.0	699.0	1185	11	Ctrl
126	16	26759.5039817108	414.0	782.0	1373	11	Ctrl
126	16	26759.5039817108	415.0	662.0	1477	11	Ctrl
126	16	26759.5039817108	439.0	715.0	1057	11	Ctrl
126	16	26759.5039817108	440.0	776.0	1199	11	Ctrl
126	16	26759.5039817108	445.0	644.0	1391	11	Ctrl
126	16	26759.5039817108	457.0	760.0	1105	11	Ctrl
126	16	26759.5039817108	499.0	700.0	1021	11	Ctrl
128	17	1149.4544414480674	356.0	186.0	793	1	shSTN1_H2O2
137	18	7100.633459089838	324.0	563.0	566	1	shSTN1_H2O2
140	19	7014.400841502559	329.0	223.0	1423	11	shSTN1_H2O2
140	19	7014.400841502559	332.0	238.0	1520	11	shSTN1_H2O2
140	19	7014.400841502559	370.0	186.0	1140	11	shSTN1_H2O2
140	19	7014.400841502559	373.0	207.0	1347	11	shSTN1_H2O2
140	19	7014.400841502559	399.0	228.0	1212	11	shSTN1_H2O2
140	19	7014.400841502559	416.0	206.0	1341	11	shSTN1_H2O2
140	19	7014.400841502559	420.0	253.0	1662	11	shSTN1_H2O2
140	19	7014.400841502559	430.0	196.0	1699	11	shSTN1_H2O2
140	19	7014.400841502559	446.0	256.0	1337	11	shSTN1_H2O2
140	19	7014.400841502559	458.0	239.0	1936	11	shSTN1_H2O2
140	19	7014.400841502559	468.0	222.0	1639	11	shSTN1_H2O2
142	19	726.6883240804997	611.0	365.0	1071	3	shSTN1_H2O2
142	19	726.6883240804997	617.0	394.0	1650	3	shSTN1_H2O2
142	19	726.6883240804997	632.0	415.0	1466	3	shSTN1_H2O2
154	20	26084.819739147362	808.0	945.0	698	1	shSTN1_H2O2
159	21	1469.1010215106571	768.0	465.0	656	1	shSTN1_H2O2
170	22	20437.458282057592	421.0	919.0	901	1	shSTN1_H2O2
179	23	28144.035458211965	939.0	938.0	776	1	shSTN1_H2O2
183	24	21795.21920650379	586.0	382.0	2620	1	shSTN1_H2O2
194	25	28839.688477852724	420.0	541.0	1012	1	shSTN1
199	26	14720.428095656598	510.0	163.0	989	1	shSTN1
200	26	8191.977518656717	746.0	147.0	1297	1	shSTN1
202	26	22553.191086231025	424.0	379.0	1159	8	shSTN1
202	26	22553.191086231025	443.0	313.0	1159	8	shSTN1
202	26	22553.191086231025	469.0	461.0	1264	8	shSTN1
202	26	22553.191086231025	477.0	430.0	1266	8	shSTN1
202	26	22553.191086231025	484.0	340.0	1179	8	shSTN1
202	26	22553.191086231025	520.0	375.0	2416	8	shSTN1
202	26	22553.191086231025	528.0	343.0	1047	8	shSTN1
202	26	22553.191086231025	557.0	359.0	1704	8	shSTN1
207	26	21669.13099077904	157.0	908.0	981	1	shSTN1
215	27	10081.728732014388	114.0	784.0	1205	2	shSTN1
215	27	10081.728732014388	153.0	817.0	1066	2	shSTN1
217	28	22594.11043525665	649.0	328.0	1364	5	shSTN1
217	28	22594.11043525665	666.0	252.0	2438	5	shSTN1
217	28	22594.11043525665	767.0	350.0	1342	5	shSTN1
217	28	22594.11043525665	796.0	423.0	1878	5	shSTN1
217	28	22594.11043525665	805.0	315.0	2805	5	shSTN1
218	28	17667.352538867017	219.0	394.0	1652	7	shSTN1
218	28	17667.352538867017	243.0	376.0	2567	7	shSTN1
218	28	17667.352538867017	249.0	459.0	3561	7	shSTN1
218	28	17667.352538867017	270.0	477.0	3584	7	shSTN1
218	28	17667.352538867017	280.0	451.0	1215	7	shSTN1
218	28	17667.352538867017	337.0	485.0	1621	7	shSTN1
218	28	17667.352538867017	354.0	353.0	2769	7	shSTN1
220	28	13882.371476888387	287.0	673.0	1248	1	shSTN1
221	28	14142.74060347083	756.0	630.0	1170	7	shSTN1
221	28	14142.74060347083	816.0	712.0	1576	7	shSTN1
221	28	14142.74060347083	832.0	679.0	1282	7	shSTN1
221	28	14142.74060347083	848.0	706.0	1177	7	shSTN1
221	28	14142.74060347083	851.0	637.0	1114	7	shSTN1
221	28	14142.74060347083	856.0	741.0	1156	7	shSTN1
221	28	14142.74060347083	872.0	682.0	1378	7	shSTN1
222	28	16698.17457721484	595.0	867.0	1812	10	shSTN1
222	28	16698.17457721484	603.0	900.0	1887	10	shSTN1
222	28	16698.17457721484	610.0	877.0	2538	10	shSTN1
222	28	16698.17457721484	630.0	822.0	3213	10	shSTN1
222	28	16698.17457721484	638.0	851.0	1206	10	shSTN1
222	28	16698.17457721484	654.0	873.0	1162	10	shSTN1
222	28	16698.17457721484	678.0	903.0	1412	10	shSTN1
222	28	16698.17457721484	706.0	917.0	1223	10	shSTN1
222	28	16698.17457721484	710.0	952.0	1447	10	shSTN1
222	28	16698.17457721484	767.0	883.0	1576	10	shSTN1
223	28	16151.43660542077	347.0	910.0	1827	5	shSTN1
223	28	16151.43660542077	366.0	874.0	1886	5	shSTN1
223	28	16151.43660542077	384.0	918.0	1342	5	shSTN1
223	28	16151.43660542077	389.0	998.0	2137	5	shSTN1
223	28	16151.43660542077	398.0	870.0	1716	5	shSTN1
225	29	23585.025684625023	551.0	436.0	1467	11	shSTN1
225	29	23585.025684625023	569.0	441.0	1593	11	shSTN1
225	29	23585.025684625023	575.0	445.0	1409	11	shSTN1
225	29	23585.025684625023	583.0	362.0	1197	11	shSTN1
225	29	23585.025684625023	587.0	435.0	1715	11	shSTN1
225	29	23585.025684625023	590.0	396.0	2029	11	shSTN1
225	29	23585.025684625023	594.0	406.0	1256	11	shSTN1
225	29	23585.025684625023	610.0	365.0	1335	11	shSTN1
225	29	23585.025684625023	624.0	431.0	1525	11	shSTN1
225	29	23585.025684625023	628.0	412.0	1496	11	shSTN1
225	29	23585.025684625023	641.0	405.0	2549	11	shSTN1
227	29	24588.413833902163	719.0	523.0	1100	12	shSTN1
227	29	24588.413833902163	730.0	567.0	1643	12	shSTN1
227	29	24588.413833902163	740.0	568.0	2214	12	shSTN1
227	29	24588.413833902163	744.0	633.0	1887	12	shSTN1
227	29	24588.413833902163	768.0	563.0	1810	12	shSTN1
227	29	24588.413833902163	786.0	514.0	2057	12	shSTN1
227	29	24588.413833902163	790.0	555.0	1902	12	shSTN1
227	29	24588.413833902163	799.0	528.0	1678	12	shSTN1
227	29	24588.413833902163	799.0	638.0	2418	12	shSTN1
227	29	24588.413833902163	802.0	618.0	2347	12	shSTN1
227	29	24588.413833902163	806.0	640.0	1587	12	shSTN1
227	29	24588.413833902163	834.0	595.0	1436	12	shSTN1
229	29	29023.04105949916	423.0	841.0	1193	20	shSTN1
229	29	29023.04105949916	433.0	883.0	1456	20	shSTN1
229	29	29023.04105949916	439.0	875.0	3390	20	shSTN1
229	29	29023.04105949916	456.0	896.0	2093	20	shSTN1
229	29	29023.04105949916	465.0	819.0	3382	20	shSTN1
229	29	29023.04105949916	465.0	890.0	1741	20	shSTN1
229	29	29023.04105949916	474.0	806.0	3538	20	shSTN1
229	29	29023.04105949916	475.0	843.0	1520	20	shSTN1
229	29	29023.04105949916	494.0	809.0	2544	20	shSTN1
229	29	29023.04105949916	494.0	826.0	1837	20	shSTN1
229	29	29023.04105949916	498.0	786.0	1472	20	shSTN1
229	29	29023.04105949916	505.0	825.0	2675	20	shSTN1
229	29	29023.04105949916	517.0	846.0	1335	20	shSTN1
229	29	29023.04105949916	520.0	805.0	1670	20	shSTN1
229	29	29023.04105949916	528.0	758.0	1701	20	shSTN1
229	29	29023.04105949916	529.0	798.0	2603	20	shSTN1
229	29	29023.04105949916	540.0	798.0	3495	20	shSTN1
229	29	29023.04105949916	542.0	811.0	2199	20	shSTN1
229	29	29023.04105949916	554.0	818.0	2180	20	shSTN1
229	29	29023.04105949916	582.0	778.0	2220	20	shSTN1
230	29	22111.978918393783	140.0	844.0	1694	28	shSTN1
230	29	22111.978918393783	146.0	811.0	1318	28	shSTN1
230	29	22111.978918393783	149.0	793.0	1940	28	shSTN1
230	29	22111.978918393783	150.0	833.0	2283	28	shSTN1
230	29	22111.978918393783	157.0	868.0	1979	28	shSTN1
230	29	22111.978918393783	162.0	901.0	1135	28	shSTN1
230	29	22111.978918393783	164.0	807.0	1404	28	shSTN1
230	29	22111.978918393783	166.0	849.0	1897	28	shSTN1
230	29	22111.978918393783	173.0	872.0	1356	28	shSTN1
230	29	22111.978918393783	176.0	774.0	2050	28	shSTN1
230	29	22111.978918393783	181.0	925.0	2648	28	shSTN1
230	29	22111.978918393783	187.0	859.0	1271	28	shSTN1
230	29	22111.978918393783	187.0	928.0	2258	28	shSTN1
230	29	22111.978918393783	188.0	799.0	1188	28	shSTN1
230	29	22111.978918393783	195.0	828.0	1339	28	shSTN1
230	29	22111.978918393783	197.0	921.0	1534	28	shSTN1
230	29	22111.978918393783	199.0	772.0	1241	28	shSTN1
230	29	22111.978918393783	204.0	800.0	2724	28	shSTN1
230	29	22111.978918393783	208.0	744.0	1466	28	shSTN1
230	29	22111.978918393783	219.0	825.0	1277	28	shSTN1
230	29	22111.978918393783	224.0	881.0	3494	28	shSTN1
230	29	22111.978918393783	225.0	787.0	1561	28	shSTN1
230	29	22111.978918393783	244.0	872.0	1309	28	shSTN1
230	29	22111.978918393783	245.0	764.0	2352	28	shSTN1
230	29	22111.978918393783	255.0	905.0	1329	28	shSTN1
230	29	22111.978918393783	259.0	887.0	3550	28	shSTN1
230	29	22111.978918393783	260.0	892.0	3553	28	shSTN1
230	29	22111.978918393783	281.0	845.0	1502	28	shSTN1
231	29	27740.568781689806	720.0	875.0	1763	12	shSTN1
231	29	27740.568781689806	756.0	796.0	1887	12	shSTN1
231	29	27740.568781689806	759.0	829.0	1252	12	shSTN1
231	29	27740.568781689806	761.0	884.0	1584	12	shSTN1
231	29	27740.568781689806	764.0	855.0	2172	12	shSTN1
231	29	27740.568781689806	769.0	896.0	1348	12	shSTN1
231	29	27740.568781689806	776.0	830.0	1330	12	shSTN1
231	29	27740.568781689806	781.0	812.0	1304	12	shSTN1
231	29	27740.568781689806	782.0	878.0	1325	12	shSTN1
231	29	27740.568781689806	792.0	838.0	3497	12	shSTN1
231	29	27740.568781689806	810.0	807.0	1295	12	shSTN1
231	29	27740.568781689806	832.0	836.0	1468	12	shSTN1
232	30	11124.601773787364	664.0	140.0	1416	9	shSTN1
232	30	11124.601773787364	665.0	93.0	1295	9	shSTN1
232	30	11124.601773787364	683.0	114.0	1460	9	shSTN1
232	30	11124.601773787364	710.0	96.0	1663	9	shSTN1
232	30	11124.601773787364	723.0	71.0	1195	9	shSTN1
232	30	11124.601773787364	745.0	131.0	1096	9	shSTN1
232	30	11124.601773787364	750.0	149.0	1065	9	shSTN1
232	30	11124.601773787364	807.0	73.0	1076	9	shSTN1
232	30	11124.601773787364	835.0	125.0	1286	9	shSTN1
233	30	15298.88384076784	624.0	329.0	1639	6	shSTN1
233	30	15298.88384076784	628.0	275.0	2970	6	shSTN1
233	30	15298.88384076784	645.0	316.0	1483	6	shSTN1
233	30	15298.88384076784	695.0	335.0	1057	6	shSTN1
233	30	15298.88384076784	698.0	269.0	2052	6	shSTN1
233	30	15298.88384076784	714.0	323.0	1623	6	shSTN1
234	30	9730.069962261021	420.0	475.0	1345	6	shSTN1
234	30	9730.069962261021	424.0	547.0	1132	6	shSTN1
234	30	9730.069962261021	445.0	560.0	1641	6	shSTN1
234	30	9730.069962261021	449.0	492.0	1224	6	shSTN1
234	30	9730.069962261021	451.0	460.0	2388	6	shSTN1
234	30	9730.069962261021	487.0	495.0	1478	6	shSTN1
235	30	22613.409800840254	135.0	555.0	1210	12	shSTN1
235	30	22613.409800840254	137.0	531.0	1021	12	shSTN1
235	30	22613.409800840254	158.0	509.0	1143	12	shSTN1
235	30	22613.409800840254	172.0	646.0	1531	12	shSTN1
235	30	22613.409800840254	173.0	491.0	2474	12	shSTN1
235	30	22613.409800840254	180.0	538.0	1228	12	shSTN1
235	30	22613.409800840254	205.0	462.0	3655	12	shSTN1
235	30	22613.409800840254	218.0	620.0	1098	12	shSTN1
235	30	22613.409800840254	227.0	568.0	2481	12	shSTN1
235	30	22613.409800840254	243.0	594.0	1632	12	shSTN1
235	30	22613.409800840254	250.0	469.0	1978	12	shSTN1
235	30	22613.409800840254	258.0	463.0	1250	12	shSTN1
236	30	10679.449309010502	636.0	620.0	1169	5	shSTN1
236	30	10679.449309010502	663.0	614.0	1662	5	shSTN1
236	30	10679.449309010502	688.0	611.0	1525	5	shSTN1
236	30	10679.449309010502	690.0	684.0	1769	5	shSTN1
236	30	10679.449309010502	722.0	558.0	1212	5	shSTN1
237	30	21980.47477536889	543.0	822.0	1325	15	shSTN1
237	30	21980.47477536889	546.0	787.0	2775	15	shSTN1
237	30	21980.47477536889	562.0	806.0	1435	15	shSTN1
237	30	21980.47477536889	564.0	765.0	1539	15	shSTN1
237	30	21980.47477536889	583.0	871.0	1567	15	shSTN1
237	30	21980.47477536889	598.0	782.0	1545	15	shSTN1
237	30	21980.47477536889	601.0	762.0	1601	15	shSTN1
237	30	21980.47477536889	606.0	816.0	1687	15	shSTN1
237	30	21980.47477536889	611.0	784.0	1773	15	shSTN1
237	30	21980.47477536889	616.0	791.0	2044	15	shSTN1
237	30	21980.47477536889	639.0	818.0	1425	15	shSTN1
237	30	21980.47477536889	640.0	860.0	1304	15	shSTN1
237	30	21980.47477536889	651.0	844.0	1351	15	shSTN1
237	30	21980.47477536889	675.0	858.0	1419	15	shSTN1
237	30	21980.47477536889	681.0	866.0	1556	15	shSTN1
238	30	19668.03279068868	752.0	883.0	1277	10	shSTN1
238	30	19668.03279068868	753.0	869.0	1592	10	shSTN1
238	30	19668.03279068868	762.0	907.0	1353	10	shSTN1
238	30	19668.03279068868	795.0	977.0	1521	10	shSTN1
238	30	19668.03279068868	803.0	971.0	2801	10	shSTN1
238	30	19668.03279068868	834.0	855.0	1960	10	shSTN1
238	30	19668.03279068868	849.0	837.0	1749	10	shSTN1
238	30	19668.03279068868	882.0	866.0	1517	10	shSTN1
238	30	19668.03279068868	907.0	885.0	1304	10	shSTN1
238	30	19668.03279068868	910.0	858.0	1591	10	shSTN1
239	30	21812.82357555739	237.0	939.0	2128	13	shSTN1
239	30	21812.82357555739	242.0	949.0	2161	13	shSTN1
239	30	21812.82357555739	260.0	962.0	1214	13	shSTN1
239	30	21812.82357555739	264.0	905.0	1487	13	shSTN1
239	30	21812.82357555739	280.0	947.0	2936	13	shSTN1
239	30	21812.82357555739	281.0	907.0	1650	13	shSTN1
239	30	21812.82357555739	302.0	876.0	1791	13	shSTN1
239	30	21812.82357555739	335.0	1007.0	1635	13	shSTN1
239	30	21812.82357555739	339.0	874.0	1883	13	shSTN1
239	30	21812.82357555739	347.0	878.0	1951	13	shSTN1
239	30	21812.82357555739	350.0	920.0	1171	13	shSTN1
239	30	21812.82357555739	355.0	950.0	1518	13	shSTN1
239	30	21812.82357555739	398.0	968.0	2378	13	shSTN1
242	31	21713.03194263364	435.0	498.0	1644	9	shSTN1
242	31	21713.03194263364	468.0	422.0	1822	9	shSTN1
242	31	21713.03194263364	502.0	425.0	1565	9	shSTN1
242	31	21713.03194263364	504.0	493.0	1421	9	shSTN1
242	31	21713.03194263364	513.0	408.0	1037	9	shSTN1
242	31	21713.03194263364	520.0	527.0	1771	9	shSTN1
242	31	21713.03194263364	522.0	544.0	1793	9	shSTN1
242	31	21713.03194263364	554.0	439.0	1789	9	shSTN1
242	31	21713.03194263364	557.0	482.0	1773	9	shSTN1
243	31	26156.65030843582	806.0	522.0	1626	6	shSTN1
243	31	26156.65030843582	840.0	503.0	2204	6	shSTN1
243	31	26156.65030843582	845.0	522.0	1440	6	shSTN1
243	31	26156.65030843582	851.0	513.0	1964	6	shSTN1
243	31	26156.65030843582	866.0	483.0	1675	6	shSTN1
243	31	26156.65030843582	884.0	499.0	1429	6	shSTN1
246	31	17503.207484556082	359.0	815.0	1942	2	shSTN1
246	31	17503.207484556082	363.0	749.0	1258	2	shSTN1
248	31	20859.22579478135	857.0	860.0	1703	9	shSTN1
248	31	20859.22579478135	861.0	870.0	1503	9	shSTN1
248	31	20859.22579478135	868.0	906.0	1938	9	shSTN1
248	31	20859.22579478135	894.0	886.0	1810	9	shSTN1
248	31	20859.22579478135	915.0	939.0	1767	9	shSTN1
248	31	20859.22579478135	932.0	914.0	2011	9	shSTN1
248	31	20859.22579478135	957.0	894.0	1171	9	shSTN1
248	31	20859.22579478135	960.0	870.0	1349	9	shSTN1
248	31	20859.22579478135	1005.0	900.0	1279	9	shSTN1
249	31	18344.45753208292	415.0	927.0	2475	8	shSTN1
249	31	18344.45753208292	454.0	930.0	1565	8	shSTN1
249	31	18344.45753208292	529.0	922.0	1823	8	shSTN1
249	31	18344.45753208292	531.0	975.0	1819	8	shSTN1
249	31	18344.45753208292	538.0	882.0	1244	8	shSTN1
249	31	18344.45753208292	545.0	935.0	1115	8	shSTN1
249	31	18344.45753208292	570.0	954.0	1657	8	shSTN1
249	31	18344.45753208292	578.0	944.0	1609	8	shSTN1
251	32	10938.656172211899	377.0	212.0	3208	5	shSTN1
251	32	10938.656172211899	383.0	245.0	1414	5	shSTN1
251	32	10938.656172211899	428.0	254.0	1554	5	shSTN1
251	32	10938.656172211899	442.0	254.0	1382	5	shSTN1
251	32	10938.656172211899	482.0	192.0	1138	5	shSTN1
253	32	15149.74049678857	276.0	354.0	1695	5	shSTN1
253	32	15149.74049678857	296.0	360.0	2208	5	shSTN1
253	32	15149.74049678857	309.0	313.0	1104	5	shSTN1
253	32	15149.74049678857	334.0	324.0	1546	5	shSTN1
253	32	15149.74049678857	383.0	245.0	1414	5	shSTN1
258	32	33486.34547987059	921.0	570.0	1039	1	shSTN1
260	32	25326.490404168784	368.0	866.0	1353	7	shSTN1
260	32	25326.490404168784	386.0	854.0	1158	7	shSTN1
260	32	25326.490404168784	390.0	786.0	1630	7	shSTN1
260	32	25326.490404168784	421.0	791.0	1231	7	shSTN1
260	32	25326.490404168784	432.0	842.0	1135	7	shSTN1
260	32	25326.490404168784	457.0	825.0	1710	7	shSTN1
260	32	25326.490404168784	457.0	874.0	1339	7	shSTN1
261	32	322.29927110607883	236.0	849.0	1303	1	shSTN1
262	32	39544.91171458999	435.0	962.0	1420	3	shSTN1
262	32	39544.91171458999	457.0	874.0	1339	3	shSTN1
262	32	39544.91171458999	560.0	949.0	1441	3	shSTN1
