## ROI	Slice	EdU	X	Y	Cy5	FociPerCell	Condition
1	1	6888.768463597711	222.0	115.0	9	4	Ctrl_Etoposide
1	1	6888.768463597711	246.0	113.0	7935	4	Ctrl_Etoposide
1	1	6888.768463597711	252.0	96.0	10148	4	Ctrl_Etoposide
1	1	6888.768463597711	297.0	149.0	7857	4	Ctrl_Etoposide
2	1	14645.630352528608	701.0	197.0	4085	1	Ctrl_Etoposide
3	1	10912.48024256651	735.0	403.0	5920	1	Ctrl_Etoposide
4	1	17224.970100296472	384.0	478.0	2432	6	Ctrl_Etoposide
4	1	17224.970100296472	399.0	479.0	2843	6	Ctrl_Etoposide
4	1	17224.970100296472	421.0	401.0	6953	6	Ctrl_Etoposide
4	1	17224.970100296472	446.0	389.0	6065	6	Ctrl_Etoposide
4	1	17224.970100296472	448.0	469.0	8548	6	Ctrl_Etoposide
4	1	17224.970100296472	469.0	439.0	6356	6	Ctrl_Etoposide
5	1	18706.68931111347	228.0	500.0	3303	7	Ctrl_Etoposide
5	1	18706.68931111347	231.0	485.0	5636	7	Ctrl_Etoposide
5	1	18706.68931111347	267.0	444.0	3431	7	Ctrl_Etoposide
5	1	18706.68931111347	272.0	487.0	4776	7	Ctrl_Etoposide
5	1	18706.68931111347	291.0	420.0	5963	7	Ctrl_Etoposide
5	1	18706.68931111347	316.0	454.0	10986	7	Ctrl_Etoposide
5	1	18706.68931111347	342.0	466.0	6613	7	Ctrl_Etoposide
6	1	463.07400281210687	262.0	592.0	1363	1	Ctrl_Etoposide
7	1	664.9754184100418	157.0	694.0	6847	4	Ctrl_Etoposide
7	1	664.9754184100418	166.0	722.0	7577	4	Ctrl_Etoposide
7	1	664.9754184100418	190.0	701.0	8333	4	Ctrl_Etoposide
7	1	664.9754184100418	272.0	715.0	6996	4	Ctrl_Etoposide
8	1	291.08353743297806	442.0	797.0	4203	1	Ctrl_Etoposide
9	2	252.90162945081474	872.0	113.0	2131	1	Ctrl_Etoposide
10	2	259.068527201853	318.0	159.0	6784	6	Ctrl_Etoposide
10	2	259.068527201853	318.0	177.0	6533	6	Ctrl_Etoposide
10	2	259.068527201853	320.0	187.0	7337	6	Ctrl_Etoposide
10	2	259.068527201853	341.0	182.0	6539	6	Ctrl_Etoposide
10	2	259.068527201853	356.0	184.0	9446	6	Ctrl_Etoposide
10	2	259.068527201853	412.0	151.0	6874	6	Ctrl_Etoposide
11	2	260.4953918475908	717.0	257.0	1497	1	Ctrl_Etoposide
12	2	283.5092469368088	46.0	353.0	7723	7	Ctrl_Etoposide
12	2	283.5092469368088	80.0	360.0	10227	7	Ctrl_Etoposide
12	2	283.5092469368088	89.0	303.0	7717	7	Ctrl_Etoposide
12	2	283.5092469368088	95.0	296.0	5984	7	Ctrl_Etoposide
12	2	283.5092469368088	101.0	391.0	10418	7	Ctrl_Etoposide
12	2	283.5092469368088	136.0	333.0	7661	7	Ctrl_Etoposide
12	2	283.5092469368088	143.0	360.0	11548	7	Ctrl_Etoposide
13	2	264.0317019628099	292.0	393.0	1619	2	Ctrl_Etoposide
13	2	264.0317019628099	335.0	300.0	61	2	Ctrl_Etoposide
14	2	256.8254110421598	660.0	503.0	93	2	Ctrl_Etoposide
14	2	256.8254110421598	676.0	456.0	1439	2	Ctrl_Etoposide
15	2	269.86772056259446	851.0	533.0	6970	2	Ctrl_Etoposide
15	2	269.86772056259446	871.0	454.0	7263	2	Ctrl_Etoposide
16	2	278.4177678204014	69.0	611.0	5776	12	Ctrl_Etoposide
16	2	278.4177678204014	77.0	634.0	6029	12	Ctrl_Etoposide
16	2	278.4177678204014	81.0	653.0	2571	12	Ctrl_Etoposide
16	2	278.4177678204014	92.0	647.0	9470	12	Ctrl_Etoposide
16	2	278.4177678204014	129.0	627.0	9024	12	Ctrl_Etoposide
16	2	278.4177678204014	151.0	571.0	6643	12	Ctrl_Etoposide
16	2	278.4177678204014	158.0	558.0	3169	12	Ctrl_Etoposide
16	2	278.4177678204014	165.0	660.0	5424	12	Ctrl_Etoposide
16	2	278.4177678204014	179.0	586.0	7313	12	Ctrl_Etoposide
16	2	278.4177678204014	197.0	559.0	5469	12	Ctrl_Etoposide
16	2	278.4177678204014	211.0	663.0	5868	12	Ctrl_Etoposide
16	2	278.4177678204014	221.0	643.0	6011	12	Ctrl_Etoposide
17	2	272.2447678536931	448.0	641.0	1083	1	Ctrl_Etoposide
18	2	272.5403795090991	523.0	634.0	1446	1	Ctrl_Etoposide
19	2	269.4376056964842	276.0	816.0	7451	26	Ctrl_Etoposide
19	2	269.4376056964842	289.0	818.0	16179	26	Ctrl_Etoposide
19	2	269.4376056964842	291.0	818.0	4002	26	Ctrl_Etoposide
19	2	269.4376056964842	295.0	777.0	2861	26	Ctrl_Etoposide
19	2	269.4376056964842	299.0	841.0	13674	26	Ctrl_Etoposide
19	2	269.4376056964842	308.0	776.0	8187	26	Ctrl_Etoposide
19	2	269.4376056964842	309.0	818.0	11709	26	Ctrl_Etoposide
19	2	269.4376056964842	320.0	870.0	5652	26	Ctrl_Etoposide
19	2	269.4376056964842	322.0	870.0	25710	26	Ctrl_Etoposide
19	2	269.4376056964842	329.0	848.0	10569	26	Ctrl_Etoposide
19	2	269.4376056964842	334.0	745.0	15094	26	Ctrl_Etoposide
19	2	269.4376056964842	342.0	846.0	10957	26	Ctrl_Etoposide
19	2	269.4376056964842	347.0	841.0	11367	26	Ctrl_Etoposide
19	2	269.4376056964842	353.0	848.0	11853	26	Ctrl_Etoposide
19	2	269.4376056964842	364.0	845.0	5488	26	Ctrl_Etoposide
19	2	269.4376056964842	365.0	805.0	8129	26	Ctrl_Etoposide
19	2	269.4376056964842	368.0	810.0	8939	26	Ctrl_Etoposide
19	2	269.4376056964842	368.0	870.0	7549	26	Ctrl_Etoposide
19	2	269.4376056964842	377.0	759.0	9520	26	Ctrl_Etoposide
19	2	269.4376056964842	385.0	761.0	12639	26	Ctrl_Etoposide
19	2	269.4376056964842	387.0	808.0	3369	26	Ctrl_Etoposide
19	2	269.4376056964842	405.0	808.0	8283	26	Ctrl_Etoposide
19	2	269.4376056964842	412.0	821.0	16567	26	Ctrl_Etoposide
19	2	269.4376056964842	413.0	761.0	6081	26	Ctrl_Etoposide
19	2	269.4376056964842	417.0	811.0	13125	26	Ctrl_Etoposide
19	2	269.4376056964842	435.0	761.0	7970	26	Ctrl_Etoposide
20	3	319.4599816849817	752.0	141.0	6930	10	Ctrl_Etoposide
20	3	319.4599816849817	764.0	92.0	3509	10	Ctrl_Etoposide
20	3	319.4599816849817	785.0	70.0	6056	10	Ctrl_Etoposide
20	3	319.4599816849817	792.0	73.0	10486	10	Ctrl_Etoposide
20	3	319.4599816849817	799.0	164.0	11054	10	Ctrl_Etoposide
20	3	319.4599816849817	809.0	194.0	5001	10	Ctrl_Etoposide
20	3	319.4599816849817	825.0	130.0	5564	10	Ctrl_Etoposide
20	3	319.4599816849817	829.0	98.0	12652	10	Ctrl_Etoposide
20	3	319.4599816849817	845.0	86.0	6896	10	Ctrl_Etoposide
20	3	319.4599816849817	874.0	126.0	6746	10	Ctrl_Etoposide
21	3	259.7568875227687	218.0	182.0	19	2	Ctrl_Etoposide
21	3	259.7568875227687	274.0	187.0	1489	2	Ctrl_Etoposide
22	3	270.8972102043861	506.0	206.0	8356	1	Ctrl_Etoposide
23	3	7113.771304087822	148.0	424.0	7513	10	Ctrl_Etoposide
23	3	7113.771304087822	175.0	385.0	7002	10	Ctrl_Etoposide
23	3	7113.771304087822	177.0	425.0	5671	10	Ctrl_Etoposide
23	3	7113.771304087822	203.0	490.0	10426	10	Ctrl_Etoposide
23	3	7113.771304087822	217.0	421.0	2828	10	Ctrl_Etoposide
23	3	7113.771304087822	222.0	409.0	6270	10	Ctrl_Etoposide
23	3	7113.771304087822	242.0	425.0	9824	10	Ctrl_Etoposide
23	3	7113.771304087822	272.0	470.0	7761	10	Ctrl_Etoposide
23	3	7113.771304087822	280.0	488.0	4375	10	Ctrl_Etoposide
23	3	7113.771304087822	300.0	468.0	5029	10	Ctrl_Etoposide
24	3	267.50417120058034	669.0	440.0	5301	18	Ctrl_Etoposide
24	3	267.50417120058034	687.0	471.0	12363	18	Ctrl_Etoposide
24	3	267.50417120058034	698.0	393.0	6541	18	Ctrl_Etoposide
24	3	267.50417120058034	711.0	399.0	7038	18	Ctrl_Etoposide
24	3	267.50417120058034	720.0	375.0	5014	18	Ctrl_Etoposide
24	3	267.50417120058034	721.0	434.0	6722	18	Ctrl_Etoposide
24	3	267.50417120058034	726.0	456.0	3058	18	Ctrl_Etoposide
24	3	267.50417120058034	729.0	476.0	8989	18	Ctrl_Etoposide
24	3	267.50417120058034	736.0	473.0	6059	18	Ctrl_Etoposide
24	3	267.50417120058034	742.0	381.0	7634	18	Ctrl_Etoposide
24	3	267.50417120058034	756.0	385.0	7848	18	Ctrl_Etoposide
24	3	267.50417120058034	758.0	419.0	9870	18	Ctrl_Etoposide
24	3	267.50417120058034	758.0	440.0	12701	18	Ctrl_Etoposide
24	3	267.50417120058034	791.0	375.0	7069	18	Ctrl_Etoposide
24	3	267.50417120058034	809.0	454.0	6014	18	Ctrl_Etoposide
24	3	267.50417120058034	822.0	410.0	6727	18	Ctrl_Etoposide
24	3	267.50417120058034	838.0	442.0	6011	18	Ctrl_Etoposide
24	3	267.50417120058034	840.0	423.0	6264	18	Ctrl_Etoposide
25	3	262.2394823353169	102.0	783.0	7268	4	Ctrl_Etoposide
25	3	262.2394823353169	131.0	880.0	6169	4	Ctrl_Etoposide
25	3	262.2394823353169	141.0	783.0	6418	4	Ctrl_Etoposide
25	3	262.2394823353169	156.0	888.0	7719	4	Ctrl_Etoposide
26	3	259.7267321200511	334.0	915.0	6612	1	Ctrl_Etoposide
27	4	278.0904175988069	332.0	117.0	3547	1	Ctrl_Etoposide
28	4	14319.387662369734	38.0	243.0	8428	5	Ctrl_Etoposide
28	4	14319.387662369734	38.0	287.0	14	5	Ctrl_Etoposide
28	4	14319.387662369734	54.0	222.0	2936	5	Ctrl_Etoposide
28	4	14319.387662369734	72.0	303.0	2644	5	Ctrl_Etoposide
28	4	14319.387662369734	99.0	358.0	2574	5	Ctrl_Etoposide
29	4	384.2926193167	263.0	337.0	6780	1	Ctrl_Etoposide
30	4	271.15935632808254	657.0	370.0	892	1	Ctrl_Etoposide
31	4	290.9629579467732	413.0	588.0	3596	1	Ctrl_Etoposide
32	4	445.2146917044392	603.0	557.0	1632	1	Ctrl_Etoposide
33	4	17452.349335302806	825.0	617.0	6732	1	Ctrl_Etoposide
34	4	15581.891305362393	515.0	689.0	2413	2	Ctrl_Etoposide
34	4	15581.891305362393	598.0	642.0	25	2	Ctrl_Etoposide
35	4	279.38732394366195	123.0	906.0	5646	9	Ctrl_Etoposide
35	4	279.38732394366195	130.0	891.0	9559	9	Ctrl_Etoposide
35	4	279.38732394366195	140.0	924.0	6538	9	Ctrl_Etoposide
35	4	279.38732394366195	149.0	899.0	3405	9	Ctrl_Etoposide
35	4	279.38732394366195	170.0	881.0	7910	9	Ctrl_Etoposide
35	4	279.38732394366195	176.0	907.0	7495	9	Ctrl_Etoposide
35	4	279.38732394366195	190.0	929.0	3794	9	Ctrl_Etoposide
35	4	279.38732394366195	216.0	932.0	7390	9	Ctrl_Etoposide
35	4	279.38732394366195	232.0	874.0	9760	9	Ctrl_Etoposide
36	5	394.3851060007186	752.0	149.0	2350	1	Ctrl_Etoposide
37	5	15341.517169290988	491.0	311.0	7114	10	Ctrl_Etoposide
37	5	15341.517169290988	496.0	289.0	5930	10	Ctrl_Etoposide
37	5	15341.517169290988	499.0	335.0	7767	10	Ctrl_Etoposide
37	5	15341.517169290988	506.0	348.0	6968	10	Ctrl_Etoposide
37	5	15341.517169290988	536.0	361.0	7855	10	Ctrl_Etoposide
37	5	15341.517169290988	557.0	303.0	7677	10	Ctrl_Etoposide
37	5	15341.517169290988	581.0	225.0	6852	10	Ctrl_Etoposide
37	5	15341.517169290988	606.0	186.0	6015	10	Ctrl_Etoposide
37	5	15341.517169290988	613.0	217.0	2565	10	Ctrl_Etoposide
37	5	15341.517169290988	630.0	309.0	6398	10	Ctrl_Etoposide
38	5	16640.171501294597	18.0	375.0	6698	9	Ctrl_Etoposide
38	5	16640.171501294597	42.0	328.0	3332	9	Ctrl_Etoposide
38	5	16640.171501294597	45.0	314.0	2723	9	Ctrl_Etoposide
38	5	16640.171501294597	72.0	376.0	9274	9	Ctrl_Etoposide
38	5	16640.171501294597	79.0	393.0	2882	9	Ctrl_Etoposide
38	5	16640.171501294597	95.0	298.0	8001	9	Ctrl_Etoposide
38	5	16640.171501294597	127.0	318.0	8293	9	Ctrl_Etoposide
38	5	16640.171501294597	177.0	354.0	3062	9	Ctrl_Etoposide
38	5	16640.171501294597	185.0	312.0	5839	9	Ctrl_Etoposide
39	5	18884.5546692607	795.0	377.0	50	10	Ctrl_Etoposide
39	5	18884.5546692607	803.0	303.0	6426	10	Ctrl_Etoposide
39	5	18884.5546692607	812.0	358.0	3992	10	Ctrl_Etoposide
39	5	18884.5546692607	817.0	360.0	3049	10	Ctrl_Etoposide
39	5	18884.5546692607	818.0	355.0	10603	10	Ctrl_Etoposide
39	5	18884.5546692607	827.0	263.0	9856	10	Ctrl_Etoposide
39	5	18884.5546692607	845.0	361.0	7099	10	Ctrl_Etoposide
39	5	18884.5546692607	880.0	357.0	6614	10	Ctrl_Etoposide
39	5	18884.5546692607	883.0	316.0	3309	10	Ctrl_Etoposide
39	5	18884.5546692607	889.0	315.0	2827	10	Ctrl_Etoposide
40	5	17350.879821837203	255.0	505.0	2644	6	Ctrl_Etoposide
40	5	17350.879821837203	295.0	466.0	7228	6	Ctrl_Etoposide
40	5	17350.879821837203	327.0	557.0	6962	6	Ctrl_Etoposide
40	5	17350.879821837203	357.0	479.0	6629	6	Ctrl_Etoposide
40	5	17350.879821837203	375.0	551.0	9192	6	Ctrl_Etoposide
40	5	17350.879821837203	409.0	505.0	6757	6	Ctrl_Etoposide
41	5	15248.451183731282	48.0	494.0	7669	10	Ctrl_Etoposide
41	5	15248.451183731282	49.0	510.0	5395	10	Ctrl_Etoposide
41	5	15248.451183731282	88.0	445.0	2643	10	Ctrl_Etoposide
41	5	15248.451183731282	91.0	472.0	6866	10	Ctrl_Etoposide
41	5	15248.451183731282	92.0	508.0	8051	10	Ctrl_Etoposide
41	5	15248.451183731282	95.0	583.0	2885	10	Ctrl_Etoposide
41	5	15248.451183731282	103.0	547.0	5132	10	Ctrl_Etoposide
41	5	15248.451183731282	121.0	543.0	3621	10	Ctrl_Etoposide
41	5	15248.451183731282	126.0	574.0	5212	10	Ctrl_Etoposide
41	5	15248.451183731282	158.0	576.0	6840	10	Ctrl_Etoposide
42	5	16365.50101637493	106.0	682.0	6475	8	Ctrl_Etoposide
42	5	16365.50101637493	114.0	645.0	7038	8	Ctrl_Etoposide
42	5	16365.50101637493	114.0	696.0	9242	8	Ctrl_Etoposide
42	5	16365.50101637493	117.0	709.0	10273	8	Ctrl_Etoposide
42	5	16365.50101637493	158.0	707.0	2566	8	Ctrl_Etoposide
42	5	16365.50101637493	159.0	748.0	7057	8	Ctrl_Etoposide
42	5	16365.50101637493	171.0	657.0	7342	8	Ctrl_Etoposide
42	5	16365.50101637493	184.0	708.0	6449	8	Ctrl_Etoposide
43	5	14432.587427552386	570.0	751.0	38	3	Ctrl_Etoposide
43	5	14432.587427552386	595.0	714.0	7260	3	Ctrl_Etoposide
43	5	14432.587427552386	686.0	733.0	7081	3	Ctrl_Etoposide
44	5	428.78525489134114	213.0	790.0	1013	1	Ctrl_Etoposide
45	5	19840.5760197775	478.0	840.0	6895	2	Ctrl_Etoposide
45	5	19840.5760197775	524.0	825.0	5083	2	Ctrl_Etoposide
46	6	10480.340586998263	625.0	271.0	8595	9	Ctrl_H2O2
46	6	10480.340586998263	662.0	280.0	13243	9	Ctrl_H2O2
46	6	10480.340586998263	696.0	257.0	5428	9	Ctrl_H2O2
46	6	10480.340586998263	720.0	229.0	8162	9	Ctrl_H2O2
46	6	10480.340586998263	721.0	248.0	3757	9	Ctrl_H2O2
46	6	10480.340586998263	740.0	254.0	8374	9	Ctrl_H2O2
46	6	10480.340586998263	768.0	252.0	9316	9	Ctrl_H2O2
46	6	10480.340586998263	776.0	286.0	4131	9	Ctrl_H2O2
46	6	10480.340586998263	777.0	244.0	6948	9	Ctrl_H2O2
47	6	262.43662502692223	209.0	264.0	8288	1	Ctrl_H2O2
48	6	395.8481337047354	603.0	480.0	9238	2	Ctrl_H2O2
48	6	395.8481337047354	617.0	552.0	8077	2	Ctrl_H2O2
49	6	12743.144862088811	729.0	613.0	7053	8	Ctrl_H2O2
49	6	12743.144862088811	734.0	566.0	7351	8	Ctrl_H2O2
49	6	12743.144862088811	744.0	453.0	11955	8	Ctrl_H2O2
49	6	12743.144862088811	758.0	615.0	6144	8	Ctrl_H2O2
49	6	12743.144862088811	763.0	532.0	2431	8	Ctrl_H2O2
49	6	12743.144862088811	786.0	505.0	7435	8	Ctrl_H2O2
49	6	12743.144862088811	811.0	522.0	7822	8	Ctrl_H2O2
49	6	12743.144862088811	847.0	566.0	7514	8	Ctrl_H2O2
50	6	273.1440274682248	195.0	494.0	1299	2	Ctrl_H2O2
50	6	273.1440274682248	291.0	623.0	37	2	Ctrl_H2O2
51	6	4636.808018625942	656.0	668.0	7850	6	Ctrl_H2O2
51	6	4636.808018625942	706.0	680.0	7019	6	Ctrl_H2O2
51	6	4636.808018625942	725.0	714.0	3727	6	Ctrl_H2O2
51	6	4636.808018625942	729.0	613.0	7053	6	Ctrl_H2O2
51	6	4636.808018625942	758.0	615.0	6144	6	Ctrl_H2O2
51	6	4636.808018625942	758.0	640.0	8865	6	Ctrl_H2O2
52	6	289.0851480448585	392.0	735.0	3696	1	Ctrl_H2O2
53	6	289.80518808236513	471.0	899.0	4545	1	Ctrl_H2O2
54	7	3210.186223963704	190.0	115.0	5916	7	Ctrl_H2O2
54	7	3210.186223963704	198.0	84.0	6859	7	Ctrl_H2O2
54	7	3210.186223963704	205.0	51.0	7156	7	Ctrl_H2O2
54	7	3210.186223963704	261.0	119.0	3097	7	Ctrl_H2O2
54	7	3210.186223963704	267.0	40.0	7284	7	Ctrl_H2O2
54	7	3210.186223963704	268.0	103.0	8918	7	Ctrl_H2O2
54	7	3210.186223963704	284.0	64.0	11183	7	Ctrl_H2O2
55	7	9508.050365630714	542.0	356.0	10398	1	Ctrl_H2O2
56	7	10829.36035041487	183.0	404.0	7689	12	Ctrl_H2O2
56	7	10829.36035041487	190.0	317.0	6276	12	Ctrl_H2O2
56	7	10829.36035041487	207.0	356.0	7196	12	Ctrl_H2O2
56	7	10829.36035041487	230.0	426.0	3242	12	Ctrl_H2O2
56	7	10829.36035041487	232.0	468.0	5592	12	Ctrl_H2O2
56	7	10829.36035041487	238.0	320.0	8942	12	Ctrl_H2O2
56	7	10829.36035041487	257.0	455.0	7642	12	Ctrl_H2O2
56	7	10829.36035041487	276.0	386.0	5781	12	Ctrl_H2O2
56	7	10829.36035041487	278.0	455.0	4824	12	Ctrl_H2O2
56	7	10829.36035041487	281.0	400.0	7080	12	Ctrl_H2O2
56	7	10829.36035041487	289.0	329.0	6496	12	Ctrl_H2O2
56	7	10829.36035041487	294.0	371.0	6574	12	Ctrl_H2O2
57	7	11166.11485409933	904.0	402.0	6232	1	Ctrl_H2O2
58	7	292.9059975806766	457.0	835.0	7074	6	Ctrl_H2O2
58	7	292.9059975806766	482.0	869.0	7647	6	Ctrl_H2O2
58	7	292.9059975806766	507.0	832.0	6487	6	Ctrl_H2O2
58	7	292.9059975806766	529.0	868.0	6259	6	Ctrl_H2O2
58	7	292.9059975806766	545.0	852.0	7894	6	Ctrl_H2O2
58	7	292.9059975806766	571.0	861.0	6326	6	Ctrl_H2O2
59	8	267.31325718241607	375.0	91.0	5983	1	Ctrl_H2O2
60	8	266.63496843690274	561.0	169.0	1818	1	Ctrl_H2O2
61	8	689.5512144821265	571.0	280.0	1953	1	Ctrl_H2O2
62	8	3061.3925813118676	87.0	229.0	6361	3	Ctrl_H2O2
62	8	3061.3925813118676	134.0	358.0	6877	3	Ctrl_H2O2
62	8	3061.3925813118676	158.0	356.0	2	3	Ctrl_H2O2
63	8	4031.290934563073	186.0	470.0	9239	1	Ctrl_H2O2
64	8	281.02309227837765	353.0	519.0	3457	1	Ctrl_H2O2
65	8	273.5744680851064	766.0	530.0	1552	1	Ctrl_H2O2
66	8	274.27436236154864	496.0	711.0	3451	1	Ctrl_H2O2
67	8	274.79322669479114	777.0	732.0	1420	2	Ctrl_H2O2
67	8	274.79322669479114	919.0	720.0	25	2	Ctrl_H2O2
68	8	274.9080438066465	284.0	682.0	1236	1	Ctrl_H2O2
69	8	268.6734099234099	699.0	816.0	1541	2	Ctrl_H2O2
69	8	268.6734099234099	709.0	789.0	66	2	Ctrl_H2O2
70	9	272.872354644687	796.0	183.0	2185	1	Ctrl_H2O2
71	9	272.4117562033245	577.0	161.0	974	1	Ctrl_H2O2
72	9	6782.017261286225	61.0	222.0	6344	11	Ctrl_H2O2
72	9	6782.017261286225	76.0	265.0	11137	11	Ctrl_H2O2
72	9	6782.017261286225	85.0	155.0	5656	11	Ctrl_H2O2
72	9	6782.017261286225	90.0	197.0	8197	11	Ctrl_H2O2
72	9	6782.017261286225	91.0	190.0	9170	11	Ctrl_H2O2
72	9	6782.017261286225	99.0	149.0	7569	11	Ctrl_H2O2
72	9	6782.017261286225	111.0	184.0	4056	11	Ctrl_H2O2
72	9	6782.017261286225	118.0	212.0	7763	11	Ctrl_H2O2
72	9	6782.017261286225	143.0	169.0	4148	11	Ctrl_H2O2
72	9	6782.017261286225	148.0	235.0	6277	11	Ctrl_H2O2
72	9	6782.017261286225	158.0	199.0	6594	11	Ctrl_H2O2
73	9	312.06170791586493	148.0	235.0	6277	4	Ctrl_H2O2
73	9	312.06170791586493	164.0	293.0	13	4	Ctrl_H2O2
73	9	312.06170791586493	169.0	290.0	8	4	Ctrl_H2O2
73	9	312.06170791586493	239.0	253.0	3596	4	Ctrl_H2O2
74	9	269.6036220646876	833.0	383.0	2422	1	Ctrl_H2O2
75	9	274.6812386156648	652.0	477.0	1308	1	Ctrl_H2O2
76	9	9354.587559649317	215.0	565.0	6672	15	Ctrl_H2O2
76	9	9354.587559649317	222.0	527.0	3121	15	Ctrl_H2O2
76	9	9354.587559649317	224.0	505.0	2803	15	Ctrl_H2O2
76	9	9354.587559649317	231.0	563.0	4882	15	Ctrl_H2O2
76	9	9354.587559649317	252.0	541.0	9994	15	Ctrl_H2O2
76	9	9354.587559649317	260.0	508.0	8162	15	Ctrl_H2O2
76	9	9354.587559649317	264.0	543.0	8456	15	Ctrl_H2O2
76	9	9354.587559649317	265.0	581.0	3573	15	Ctrl_H2O2
76	9	9354.587559649317	266.0	567.0	8894	15	Ctrl_H2O2
76	9	9354.587559649317	291.0	524.0	10990	15	Ctrl_H2O2
76	9	9354.587559649317	296.0	572.0	9387	15	Ctrl_H2O2
76	9	9354.587559649317	298.0	520.0	7556	15	Ctrl_H2O2
76	9	9354.587559649317	314.0	556.0	18501	15	Ctrl_H2O2
76	9	9354.587559649317	321.0	598.0	4497	15	Ctrl_H2O2
76	9	9354.587559649317	324.0	548.0	7955	15	Ctrl_H2O2
77	9	275.49109887295083	436.0	577.0	2158	1	Ctrl_H2O2
78	9	266.25933285163774	877.0	791.0	9028	1	Ctrl_H2O2
79	9	282.8376630151278	313.0	783.0	1113	1	Ctrl_H2O2
80	9	272.95578935265036	725.0	885.0	1380	1	Ctrl_H2O2
81	9	283.1799735586595	124.0	847.0	2602	1	Ctrl_H2O2
82	10	259.84090372817366	605.0	149.0	2851	1	Ctrl_H2O2
83	10	280.69803603669993	284.0	259.0	6829	4	Ctrl_H2O2
83	10	280.69803603669993	311.0	288.0	5669	4	Ctrl_H2O2
83	10	280.69803603669993	350.0	253.0	6075	4	Ctrl_H2O2
83	10	280.69803603669993	403.0	239.0	7111	4	Ctrl_H2O2
84	10	280.56435289915464	448.0	361.0	2791	1	Ctrl_H2O2
85	10	274.95200101317124	536.0	550.0	2447	1	Ctrl_H2O2
86	10	277.7369266649391	767.0	546.0	1003	1	Ctrl_H2O2
87	10	275.14753510300295	387.0	691.0	4811	1	Ctrl_H2O2
88	10	273.2927344466143	645.0	694.0	8062	11	Ctrl_H2O2
88	10	273.2927344466143	651.0	756.0	6527	11	Ctrl_H2O2
88	10	273.2927344466143	667.0	734.0	7720	11	Ctrl_H2O2
88	10	273.2927344466143	670.0	730.0	7783	11	Ctrl_H2O2
88	10	273.2927344466143	671.0	759.0	6783	11	Ctrl_H2O2
88	10	273.2927344466143	687.0	690.0	2653	11	Ctrl_H2O2
88	10	273.2927344466143	689.0	846.0	5289	11	Ctrl_H2O2
88	10	273.2927344466143	699.0	744.0	7418	11	Ctrl_H2O2
88	10	273.2927344466143	702.0	692.0	8075	11	Ctrl_H2O2
88	10	273.2927344466143	710.0	731.0	9159	11	Ctrl_H2O2
88	10	273.2927344466143	752.0	823.0	7362	11	Ctrl_H2O2
89	10	269.0097240266131	806.0	802.0	7167	5	Ctrl_H2O2
89	10	269.0097240266131	892.0	898.0	5719	5	Ctrl_H2O2
89	10	269.0097240266131	897.0	823.0	7506	5	Ctrl_H2O2
89	10	269.0097240266131	899.0	764.0	5754	5	Ctrl_H2O2
89	10	269.0097240266131	914.0	805.0	10065	5	Ctrl_H2O2
90	10	274.5294804078123	449.0	907.0	4968	1	Ctrl_H2O2
91	11	258.14539415712056	824.0	180.0	1558	1	Ctrl
92	11	7646.679543573886	309.0	245.0	8371	2	Ctrl
92	11	7646.679543573886	378.0	267.0	12312	2	Ctrl
93	11	261.57848619357816	638.0	383.0	1988	1	Ctrl
94	11	275.37768542649854	869.0	492.0	812	1	Ctrl
95	11	270.29024064171125	525.0	484.0	1099	1	Ctrl
96	11	269.8790338289721	141.0	474.0	851	2	Ctrl
96	11	269.8790338289721	204.0	469.0	8	2	Ctrl
97	11	4123.188837555095	743.0	516.0	1	3	Ctrl
97	11	4123.188837555095	825.0	581.0	894	3	Ctrl
97	11	4123.188837555095	869.0	492.0	812	3	Ctrl
98	11	269.25683285972616	327.0	610.0	1262	1	Ctrl
99	11	272.70483749055177	203.0	630.0	701	1	Ctrl
100	11	259.28081845130504	654.0	788.0	5047	1	Ctrl
101	11	266.12494611294727	432.0	813.0	1605	1	Ctrl
102	11	258.31311881188117	781.0	820.0	1484	1	Ctrl
103	12	1078.4960412095775	540.0	50.0	8698	5	Ctrl
103	12	1078.4960412095775	609.0	53.0	9311	5	Ctrl
103	12	1078.4960412095775	609.0	132.0	7223	5	Ctrl
103	12	1078.4960412095775	615.0	140.0	6844	5	Ctrl
103	12	1078.4960412095775	620.0	184.0	5	5	Ctrl
104	12	13684.868728940472	157.0	421.0	8484	21	Ctrl
104	12	13684.868728940472	167.0	368.0	6466	21	Ctrl
104	12	13684.868728940472	169.0	437.0	7327	21	Ctrl
104	12	13684.868728940472	177.0	361.0	3839	21	Ctrl
104	12	13684.868728940472	179.0	393.0	8379	21	Ctrl
104	12	13684.868728940472	181.0	347.0	2660	21	Ctrl
104	12	13684.868728940472	181.0	462.0	5688	21	Ctrl
104	12	13684.868728940472	189.0	407.0	14065	21	Ctrl
104	12	13684.868728940472	195.0	363.0	9383	21	Ctrl
104	12	13684.868728940472	211.0	480.0	6814	21	Ctrl
104	12	13684.868728940472	213.0	451.0	5588	21	Ctrl
104	12	13684.868728940472	221.0	351.0	6231	21	Ctrl
104	12	13684.868728940472	221.0	358.0	7935	21	Ctrl
104	12	13684.868728940472	229.0	404.0	7491	21	Ctrl
104	12	13684.868728940472	231.0	330.0	8240	21	Ctrl
104	12	13684.868728940472	233.0	389.0	10085	21	Ctrl
104	12	13684.868728940472	240.0	373.0	8145	21	Ctrl
104	12	13684.868728940472	255.0	398.0	7429	21	Ctrl
104	12	13684.868728940472	260.0	345.0	6539	21	Ctrl
104	12	13684.868728940472	264.0	442.0	7913	21	Ctrl
104	12	13684.868728940472	290.0	368.0	8366	21	Ctrl
105	12	13015.142970252235	37.0	552.0	8969	24	Ctrl
105	12	13015.142970252235	45.0	531.0	6582	24	Ctrl
105	12	13015.142970252235	46.0	541.0	9335	24	Ctrl
105	12	13015.142970252235	56.0	530.0	7444	24	Ctrl
105	12	13015.142970252235	57.0	440.0	3981	24	Ctrl
105	12	13015.142970252235	59.0	440.0	14922	24	Ctrl
105	12	13015.142970252235	62.0	485.0	7743	24	Ctrl
105	12	13015.142970252235	63.0	448.0	7855	24	Ctrl
105	12	13015.142970252235	71.0	469.0	6763	24	Ctrl
105	12	13015.142970252235	71.0	528.0	6569	24	Ctrl
105	12	13015.142970252235	78.0	469.0	11052	24	Ctrl
105	12	13015.142970252235	79.0	447.0	9877	24	Ctrl
105	12	13015.142970252235	81.0	475.0	8510	24	Ctrl
105	12	13015.142970252235	82.0	499.0	7858	24	Ctrl
105	12	13015.142970252235	87.0	531.0	8069	24	Ctrl
105	12	13015.142970252235	88.0	472.0	10844	24	Ctrl
105	12	13015.142970252235	88.0	569.0	9010	24	Ctrl
105	12	13015.142970252235	90.0	438.0	6537	24	Ctrl
105	12	13015.142970252235	91.0	536.0	7084	24	Ctrl
105	12	13015.142970252235	105.0	447.0	7274	24	Ctrl
105	12	13015.142970252235	106.0	480.0	6433	24	Ctrl
105	12	13015.142970252235	130.0	462.0	7694	24	Ctrl
105	12	13015.142970252235	136.0	477.0	5248	24	Ctrl
105	12	13015.142970252235	138.0	529.0	7150	24	Ctrl
106	12	13529.925484949832	299.0	496.0	6237	22	Ctrl
106	12	13529.925484949832	307.0	499.0	12279	22	Ctrl
106	12	13529.925484949832	332.0	438.0	6448	22	Ctrl
106	12	13529.925484949832	343.0	521.0	8688	22	Ctrl
106	12	13529.925484949832	348.0	498.0	6362	22	Ctrl
106	12	13529.925484949832	348.0	568.0	7893	22	Ctrl
106	12	13529.925484949832	355.0	467.0	5952	22	Ctrl
106	12	13529.925484949832	357.0	560.0	2795	22	Ctrl
106	12	13529.925484949832	360.0	514.0	11167	22	Ctrl
106	12	13529.925484949832	366.0	557.0	2629	22	Ctrl
106	12	13529.925484949832	379.0	475.0	11134	22	Ctrl
106	12	13529.925484949832	385.0	557.0	6473	22	Ctrl
106	12	13529.925484949832	389.0	496.0	5224	22	Ctrl
106	12	13529.925484949832	389.0	582.0	6411	22	Ctrl
106	12	13529.925484949832	414.0	529.0	12265	22	Ctrl
106	12	13529.925484949832	414.0	584.0	9244	22	Ctrl
106	12	13529.925484949832	425.0	541.0	8997	22	Ctrl
106	12	13529.925484949832	428.0	509.0	6767	22	Ctrl
106	12	13529.925484949832	428.0	531.0	9640	22	Ctrl
106	12	13529.925484949832	454.0	519.0	7620	22	Ctrl
106	12	13529.925484949832	459.0	521.0	14295	22	Ctrl
106	12	13529.925484949832	459.0	527.0	7590	22	Ctrl
107	12	296.2846992527257	739.0	691.0	1172	1	Ctrl
108	12	4563.546857840146	797.0	857.0	7683	11	Ctrl
108	12	4563.546857840146	798.0	931.0	4	11	Ctrl
108	12	4563.546857840146	801.0	892.0	11266	11	Ctrl
108	12	4563.546857840146	804.0	888.0	12055	11	Ctrl
108	12	4563.546857840146	830.0	878.0	5958	11	Ctrl
108	12	4563.546857840146	833.0	928.0	2580	11	Ctrl
108	12	4563.546857840146	856.0	822.0	6202	11	Ctrl
108	12	4563.546857840146	867.0	883.0	8345	11	Ctrl
108	12	4563.546857840146	882.0	844.0	7089	11	Ctrl
108	12	4563.546857840146	888.0	834.0	9370	11	Ctrl
108	12	4563.546857840146	923.0	848.0	7173	11	Ctrl
109	13	8524.006504206052	265.0	111.0	6396	27	Ctrl
109	13	8524.006504206052	279.0	144.0	6844	27	Ctrl
109	13	8524.006504206052	280.0	92.0	18578	27	Ctrl
109	13	8524.006504206052	284.0	68.0	3645	27	Ctrl
109	13	8524.006504206052	284.0	150.0	6887	27	Ctrl
109	13	8524.006504206052	314.0	146.0	7415	27	Ctrl
109	13	8524.006504206052	318.0	36.0	9027	27	Ctrl
109	13	8524.006504206052	323.0	69.0	3403	27	Ctrl
109	13	8524.006504206052	324.0	48.0	7326	27	Ctrl
109	13	8524.006504206052	328.0	75.0	5982	27	Ctrl
109	13	8524.006504206052	332.0	52.0	6592	27	Ctrl
109	13	8524.006504206052	333.0	93.0	6946	27	Ctrl
109	13	8524.006504206052	350.0	95.0	9132	27	Ctrl
109	13	8524.006504206052	351.0	27.0	11946	27	Ctrl
109	13	8524.006504206052	353.0	34.0	6959	27	Ctrl
109	13	8524.006504206052	371.0	99.0	9689	27	Ctrl
109	13	8524.006504206052	379.0	44.0	8867	27	Ctrl
109	13	8524.006504206052	383.0	29.0	9068	27	Ctrl
109	13	8524.006504206052	386.0	22.0	6815	27	Ctrl
109	13	8524.006504206052	393.0	62.0	9532	27	Ctrl
109	13	8524.006504206052	393.0	103.0	3851	27	Ctrl
109	13	8524.006504206052	413.0	127.0	3650	27	Ctrl
109	13	8524.006504206052	416.0	100.0	8072	27	Ctrl
109	13	8524.006504206052	426.0	62.0	13278	27	Ctrl
109	13	8524.006504206052	433.0	118.0	13097	27	Ctrl
109	13	8524.006504206052	443.0	83.0	6776	27	Ctrl
109	13	8524.006504206052	451.0	75.0	8002	27	Ctrl
110	13	427.21325889741803	568.0	163.0	1168	1	Ctrl
111	13	278.90243417125424	590.0	302.0	2231	1	Ctrl
112	13	17850.83878142133	115.0	449.0	13037	6	Ctrl
112	13	17850.83878142133	137.0	468.0	6805	6	Ctrl
112	13	17850.83878142133	167.0	335.0	6421	6	Ctrl
112	13	17850.83878142133	188.0	349.0	6033	6	Ctrl
112	13	17850.83878142133	222.0	467.0	18	6	Ctrl
112	13	17850.83878142133	253.0	425.0	5473	6	Ctrl
113	13	314.9173145240179	526.0	370.0	6458	1	Ctrl
114	13	303.0923897781522	803.0	475.0	2258	1	Ctrl
115	13	21137.142838800795	35.0	530.0	8328	23	Ctrl
115	13	21137.142838800795	51.0	535.0	7994	23	Ctrl
115	13	21137.142838800795	58.0	486.0	8418	23	Ctrl
115	13	21137.142838800795	59.0	511.0	7218	23	Ctrl
115	13	21137.142838800795	68.0	528.0	8386	23	Ctrl
115	13	21137.142838800795	75.0	473.0	12094	23	Ctrl
115	13	21137.142838800795	80.0	517.0	4903	23	Ctrl
115	13	21137.142838800795	88.0	553.0	9176	23	Ctrl
115	13	21137.142838800795	92.0	519.0	7538	23	Ctrl
115	13	21137.142838800795	95.0	491.0	11414	23	Ctrl
115	13	21137.142838800795	103.0	541.0	3299	23	Ctrl
115	13	21137.142838800795	107.0	476.0	6598	23	Ctrl
115	13	21137.142838800795	115.0	449.0	13037	23	Ctrl
115	13	21137.142838800795	115.0	508.0	9830	23	Ctrl
115	13	21137.142838800795	122.0	528.0	12348	23	Ctrl
115	13	21137.142838800795	127.0	497.0	7738	23	Ctrl
115	13	21137.142838800795	129.0	483.0	3816	23	Ctrl
115	13	21137.142838800795	129.0	551.0	5811	23	Ctrl
115	13	21137.142838800795	131.0	568.0	5885	23	Ctrl
115	13	21137.142838800795	137.0	468.0	6805	23	Ctrl
115	13	21137.142838800795	159.0	503.0	5445	23	Ctrl
115	13	21137.142838800795	160.0	501.0	20182	23	Ctrl
115	13	21137.142838800795	170.0	523.0	8035	23	Ctrl
116	13	9571.866858075775	327.0	545.0	7398	18	Ctrl
116	13	9571.866858075775	341.0	497.0	7060	18	Ctrl
116	13	9571.866858075775	351.0	538.0	8351	18	Ctrl
116	13	9571.866858075775	352.0	533.0	9820	18	Ctrl
116	13	9571.866858075775	352.0	587.0	7248	18	Ctrl
116	13	9571.866858075775	356.0	564.0	7856	18	Ctrl
116	13	9571.866858075775	361.0	584.0	7445	18	Ctrl
116	13	9571.866858075775	369.0	607.0	12816	18	Ctrl
116	13	9571.866858075775	376.0	569.0	10223	18	Ctrl
116	13	9571.866858075775	381.0	555.0	8761	18	Ctrl
116	13	9571.866858075775	381.0	621.0	6837	18	Ctrl
116	13	9571.866858075775	405.0	591.0	3930	18	Ctrl
116	13	9571.866858075775	410.0	508.0	8311	18	Ctrl
116	13	9571.866858075775	413.0	533.0	7048	18	Ctrl
116	13	9571.866858075775	416.0	582.0	9078	18	Ctrl
116	13	9571.866858075775	436.0	605.0	7000	18	Ctrl
116	13	9571.866858075775	438.0	567.0	11974	18	Ctrl
116	13	9571.866858075775	440.0	588.0	7826	18	Ctrl
117	13	294.3372072752629	716.0	560.0	1324	1	Ctrl
118	13	426.798990602158	550.0	578.0	827	1	Ctrl
119	13	7509.922146435042	409.0	682.0	8089	11	Ctrl
119	13	7509.922146435042	409.0	773.0	3289	11	Ctrl
119	13	7509.922146435042	414.0	661.0	7486	11	Ctrl
119	13	7509.922146435042	434.0	697.0	7628	11	Ctrl
119	13	7509.922146435042	440.0	660.0	6959	11	Ctrl
119	13	7509.922146435042	442.0	723.0	7270	11	Ctrl
119	13	7509.922146435042	449.0	726.0	8715	11	Ctrl
119	13	7509.922146435042	465.0	689.0	8540	11	Ctrl
119	13	7509.922146435042	477.0	662.0	8221	11	Ctrl
119	13	7509.922146435042	481.0	687.0	8352	11	Ctrl
119	13	7509.922146435042	514.0	689.0	1	11	Ctrl
120	13	431.09614105123086	621.0	678.0	8	4	Ctrl
120	13	431.09614105123086	631.0	666.0	1	4	Ctrl
120	13	431.09614105123086	709.0	712.0	2333	4	Ctrl
120	13	431.09614105123086	740.0	685.0	20	4	Ctrl
121	13	18261.53654964068	246.0	761.0	6809	20	Ctrl
121	13	18261.53654964068	263.0	868.0	5846	20	Ctrl
121	13	18261.53654964068	266.0	816.0	14020	20	Ctrl
121	13	18261.53654964068	266.0	837.0	8625	20	Ctrl
121	13	18261.53654964068	282.0	826.0	8543	20	Ctrl
121	13	18261.53654964068	285.0	883.0	5755	20	Ctrl
121	13	18261.53654964068	289.0	855.0	9273	20	Ctrl
121	13	18261.53654964068	297.0	738.0	5743	20	Ctrl
121	13	18261.53654964068	297.0	851.0	13051	20	Ctrl
121	13	18261.53654964068	298.0	837.0	10822	20	Ctrl
121	13	18261.53654964068	302.0	762.0	6625	20	Ctrl
121	13	18261.53654964068	302.0	788.0	23133	20	Ctrl
121	13	18261.53654964068	303.0	830.0	8697	20	Ctrl
121	13	18261.53654964068	308.0	865.0	2904	20	Ctrl
121	13	18261.53654964068	311.0	721.0	9157	20	Ctrl
121	13	18261.53654964068	315.0	840.0	9683	20	Ctrl
121	13	18261.53654964068	323.0	821.0	3291	20	Ctrl
121	13	18261.53654964068	333.0	809.0	7926	20	Ctrl
121	13	18261.53654964068	349.0	825.0	5230	20	Ctrl
121	13	18261.53654964068	365.0	797.0	7329	20	Ctrl
122	15	1609.5519498377428	771.0	173.0	7801	5	Ctrl
122	15	1609.5519498377428	807.0	122.0	10462	5	Ctrl
122	15	1609.5519498377428	824.0	114.0	7310	5	Ctrl
122	15	1609.5519498377428	859.0	143.0	10238	5	Ctrl
122	15	1609.5519498377428	887.0	66.0	4185	5	Ctrl
123	15	14875.901773533424	408.0	292.0	11471	20	Ctrl
123	15	14875.901773533424	411.0	324.0	12636	20	Ctrl
123	15	14875.901773533424	412.0	388.0	11189	20	Ctrl
123	15	14875.901773533424	428.0	406.0	9038	20	Ctrl
123	15	14875.901773533424	433.0	317.0	6408	20	Ctrl
123	15	14875.901773533424	435.0	294.0	6966	20	Ctrl
123	15	14875.901773533424	456.0	278.0	11436	20	Ctrl
123	15	14875.901773533424	457.0	352.0	6042	20	Ctrl
123	15	14875.901773533424	473.0	355.0	7091	20	Ctrl
123	15	14875.901773533424	474.0	270.0	6541	20	Ctrl
123	15	14875.901773533424	479.0	234.0	7135	20	Ctrl
123	15	14875.901773533424	488.0	318.0	12165	20	Ctrl
123	15	14875.901773533424	489.0	331.0	8171	20	Ctrl
123	15	14875.901773533424	499.0	250.0	16079	20	Ctrl
123	15	14875.901773533424	501.0	222.0	8867	20	Ctrl
123	15	14875.901773533424	503.0	324.0	8404	20	Ctrl
123	15	14875.901773533424	508.0	297.0	8733	20	Ctrl
123	15	14875.901773533424	514.0	317.0	6568	20	Ctrl
123	15	14875.901773533424	514.0	338.0	5026	20	Ctrl
123	15	14875.901773533424	518.0	260.0	7116	20	Ctrl
124	15	438.5404021937843	233.0	221.0	666	1	Ctrl
125	15	16942.57251387942	192.0	407.0	11034	8	Ctrl
125	15	16942.57251387942	194.0	457.0	6404	8	Ctrl
125	15	16942.57251387942	216.0	432.0	8478	8	Ctrl
125	15	16942.57251387942	240.0	482.0	3838	8	Ctrl
125	15	16942.57251387942	250.0	434.0	8999	8	Ctrl
125	15	16942.57251387942	257.0	389.0	11271	8	Ctrl
125	15	16942.57251387942	267.0	357.0	6695	8	Ctrl
125	15	16942.57251387942	273.0	424.0	6824	8	Ctrl
126	15	13388.56704288939	366.0	584.0	8808	11	Ctrl
126	15	13388.56704288939	377.0	609.0	8698	11	Ctrl
126	15	13388.56704288939	389.0	583.0	10437	11	Ctrl
126	15	13388.56704288939	390.0	721.0	21	11	Ctrl
126	15	13388.56704288939	391.0	669.0	11937	11	Ctrl
126	15	13388.56704288939	441.0	682.0	7056	11	Ctrl
126	15	13388.56704288939	459.0	716.0	14332	11	Ctrl
126	15	13388.56704288939	465.0	646.0	14844	11	Ctrl
126	15	13388.56704288939	469.0	658.0	6695	11	Ctrl
126	15	13388.56704288939	477.0	645.0	9235	11	Ctrl
126	15	13388.56704288939	483.0	704.0	7402	11	Ctrl
127	15	7331.820854205114	536.0	880.0	12430	24	Ctrl
127	15	7331.820854205114	540.0	892.0	7119	24	Ctrl
127	15	7331.820854205114	544.0	906.0	6355	24	Ctrl
127	15	7331.820854205114	546.0	843.0	7117	24	Ctrl
127	15	7331.820854205114	555.0	912.0	9682	24	Ctrl
127	15	7331.820854205114	569.0	825.0	8847	24	Ctrl
127	15	7331.820854205114	572.0	871.0	5900	24	Ctrl
127	15	7331.820854205114	583.0	912.0	10717	24	Ctrl
127	15	7331.820854205114	585.0	866.0	5815	24	Ctrl
127	15	7331.820854205114	594.0	903.0	12800	24	Ctrl
127	15	7331.820854205114	616.0	926.0	7995	24	Ctrl
127	15	7331.820854205114	635.0	894.0	6248	24	Ctrl
127	15	7331.820854205114	637.0	933.0	14333	24	Ctrl
127	15	7331.820854205114	646.0	828.0	15045	24	Ctrl
127	15	7331.820854205114	648.0	857.0	9043	24	Ctrl
127	15	7331.820854205114	653.0	809.0	8216	24	Ctrl
127	15	7331.820854205114	655.0	874.0	8590	24	Ctrl
127	15	7331.820854205114	661.0	840.0	8204	24	Ctrl
127	15	7331.820854205114	661.0	904.0	5203	24	Ctrl
127	15	7331.820854205114	684.0	892.0	14920	24	Ctrl
127	15	7331.820854205114	684.0	936.0	11051	24	Ctrl
127	15	7331.820854205114	688.0	846.0	6321	24	Ctrl
127	15	7331.820854205114	703.0	927.0	9042	24	Ctrl
127	15	7331.820854205114	711.0	859.0	58	24	Ctrl
128	16	14577.128570604189	681.0	197.0	4531	4	shSTN1_Etoposide
128	16	14577.128570604189	751.0	164.0	8749	4	shSTN1_Etoposide
128	16	14577.128570604189	757.0	148.0	3566	4	shSTN1_Etoposide
128	16	14577.128570604189	799.0	186.0	6891	4	shSTN1_Etoposide
129	16	297.8068066028123	51.0	182.0	1006	1	shSTN1_Etoposide
130	16	315.4791782729805	242.0	353.0	3680	1	shSTN1_Etoposide
131	16	363.6607780612245	812.0	308.0	3362	1	shSTN1_Etoposide
132	16	317.26031463342235	483.0	360.0	1283	1	shSTN1_Etoposide
133	16	304.177462348394	831.0	472.0	1939	1	shSTN1_Etoposide
134	16	8259.787645907345	125.0	504.0	2748	5	shSTN1_Etoposide
134	16	8259.787645907345	133.0	486.0	10211	5	shSTN1_Etoposide
134	16	8259.787645907345	139.0	479.0	8408	5	shSTN1_Etoposide
134	16	8259.787645907345	151.0	444.0	6959	5	shSTN1_Etoposide
134	16	8259.787645907345	172.0	512.0	3942	5	shSTN1_Etoposide
135	16	307.67101733014283	324.0	576.0	1275	2	shSTN1_Etoposide
135	16	307.67101733014283	397.0	582.0	48	2	shSTN1_Etoposide
136	16	310.0027946900888	557.0	623.0	3447	1	shSTN1_Etoposide
137	16	294.65136413973624	472.0	718.0	1965	1	shSTN1_Etoposide
138	16	356.14111887104906	725.0	711.0	1049	1	shSTN1_Etoposide
139	16	20836.76426930553	162.0	754.0	8143	1	shSTN1_Etoposide
140	16	330.7430350704687	582.0	903.0	2623	7	shSTN1_Etoposide
140	16	330.7430350704687	585.0	896.0	11626	7	shSTN1_Etoposide
140	16	330.7430350704687	608.0	858.0	11147	7	shSTN1_Etoposide
140	16	330.7430350704687	609.0	930.0	9824	7	shSTN1_Etoposide
140	16	330.7430350704687	624.0	858.0	7826	7	shSTN1_Etoposide
140	16	330.7430350704687	679.0	913.0	2749	7	shSTN1_Etoposide
140	16	330.7430350704687	697.0	899.0	9981	7	shSTN1_Etoposide
141	17	277.11084457771113	334.0	52.0	1091	1	shSTN1_Etoposide
142	17	6848.591810834279	497.0	99.0	13	5	shSTN1_Etoposide
142	17	6848.591810834279	528.0	86.0	7538	5	shSTN1_Etoposide
142	17	6848.591810834279	586.0	133.0	7823	5	shSTN1_Etoposide
142	17	6848.591810834279	605.0	104.0	2689	5	shSTN1_Etoposide
142	17	6848.591810834279	627.0	80.0	5812	5	shSTN1_Etoposide
143	17	14846.87468186345	675.0	213.0	5623	5	shSTN1_Etoposide
143	17	14846.87468186345	676.0	177.0	7404	5	shSTN1_Etoposide
143	17	14846.87468186345	694.0	135.0	6561	5	shSTN1_Etoposide
143	17	14846.87468186345	727.0	203.0	7676	5	shSTN1_Etoposide
143	17	14846.87468186345	741.0	188.0	7166	5	shSTN1_Etoposide
144	17	386.8164271541098	861.0	275.0	7	2	shSTN1_Etoposide
144	17	386.8164271541098	894.0	235.0	1588	2	shSTN1_Etoposide
145	17	4128.497007935475	481.0	228.0	7880	19	shSTN1_Etoposide
145	17	4128.497007935475	484.0	216.0	3442	19	shSTN1_Etoposide
145	17	4128.497007935475	489.0	251.0	4290	19	shSTN1_Etoposide
145	17	4128.497007935475	490.0	191.0	5061	19	shSTN1_Etoposide
145	17	4128.497007935475	496.0	208.0	5774	19	shSTN1_Etoposide
145	17	4128.497007935475	498.0	224.0	6826	19	shSTN1_Etoposide
145	17	4128.497007935475	500.0	253.0	5436	19	shSTN1_Etoposide
145	17	4128.497007935475	501.0	274.0	5648	19	shSTN1_Etoposide
145	17	4128.497007935475	512.0	180.0	6430	19	shSTN1_Etoposide
145	17	4128.497007935475	518.0	206.0	5960	19	shSTN1_Etoposide
145	17	4128.497007935475	523.0	189.0	6443	19	shSTN1_Etoposide
145	17	4128.497007935475	525.0	176.0	9437	19	shSTN1_Etoposide
145	17	4128.497007935475	525.0	268.0	6194	19	shSTN1_Etoposide
145	17	4128.497007935475	536.0	194.0	2852	19	shSTN1_Etoposide
145	17	4128.497007935475	549.0	224.0	11196	19	shSTN1_Etoposide
145	17	4128.497007935475	553.0	222.0	12550	19	shSTN1_Etoposide
145	17	4128.497007935475	554.0	203.0	9160	19	shSTN1_Etoposide
145	17	4128.497007935475	557.0	173.0	49	19	shSTN1_Etoposide
145	17	4128.497007935475	564.0	272.0	6439	19	shSTN1_Etoposide
146	17	5827.26055558791	564.0	272.0	6439	19	shSTN1_Etoposide
146	17	5827.26055558791	584.0	320.0	5877	19	shSTN1_Etoposide
146	17	5827.26055558791	588.0	311.0	8077	19	shSTN1_Etoposide
146	17	5827.26055558791	601.0	270.0	5260	19	shSTN1_Etoposide
146	17	5827.26055558791	611.0	286.0	7810	19	shSTN1_Etoposide
146	17	5827.26055558791	611.0	334.0	8119	19	shSTN1_Etoposide
146	17	5827.26055558791	616.0	351.0	10462	19	shSTN1_Etoposide
146	17	5827.26055558791	618.0	256.0	4734	19	shSTN1_Etoposide
146	17	5827.26055558791	618.0	335.0	7558	19	shSTN1_Etoposide
146	17	5827.26055558791	621.0	293.0	6118	19	shSTN1_Etoposide
146	17	5827.26055558791	622.0	326.0	9112	19	shSTN1_Etoposide
146	17	5827.26055558791	640.0	375.0	7886	19	shSTN1_Etoposide
146	17	5827.26055558791	641.0	384.0	9946	19	shSTN1_Etoposide
146	17	5827.26055558791	655.0	279.0	2867	19	shSTN1_Etoposide
146	17	5827.26055558791	666.0	375.0	8596	19	shSTN1_Etoposide
146	17	5827.26055558791	676.0	362.0	8054	19	shSTN1_Etoposide
146	17	5827.26055558791	681.0	309.0	6053	19	shSTN1_Etoposide
146	17	5827.26055558791	681.0	340.0	6308	19	shSTN1_Etoposide
146	17	5827.26055558791	699.0	320.0	7943	19	shSTN1_Etoposide
147	17	309.6940122583687	227.0	275.0	2443	2	shSTN1_Etoposide
147	17	309.6940122583687	300.0	269.0	48	2	shSTN1_Etoposide
148	17	314.6310660562459	86.0	506.0	6	2	shSTN1_Etoposide
148	17	314.6310660562459	181.0	425.0	913	2	shSTN1_Etoposide
149	17	282.9606385128309	852.0	595.0	7682	2	shSTN1_Etoposide
149	17	282.9606385128309	866.0	585.0	9214	2	shSTN1_Etoposide
150	17	288.29818820336817	598.0	818.0	1232	1	shSTN1_Etoposide
151	17	303.48885077186964	326.0	877.0	2206	1	shSTN1_Etoposide
152	17	290.5305193646261	833.0	848.0	1284	1	shSTN1_Etoposide
153	18	17607.66811827957	357.0	66.0	6378	14	shSTN1_Etoposide
153	18	17607.66811827957	371.0	95.0	9497	14	shSTN1_Etoposide
153	18	17607.66811827957	375.0	72.0	2556	14	shSTN1_Etoposide
153	18	17607.66811827957	390.0	143.0	7075	14	shSTN1_Etoposide
153	18	17607.66811827957	397.0	104.0	3618	14	shSTN1_Etoposide
153	18	17607.66811827957	400.0	129.0	6385	14	shSTN1_Etoposide
153	18	17607.66811827957	418.0	163.0	8211	14	shSTN1_Etoposide
153	18	17607.66811827957	430.0	153.0	5790	14	shSTN1_Etoposide
153	18	17607.66811827957	434.0	160.0	11191	14	shSTN1_Etoposide
153	18	17607.66811827957	439.0	84.0	7187	14	shSTN1_Etoposide
153	18	17607.66811827957	446.0	111.0	6116	14	shSTN1_Etoposide
153	18	17607.66811827957	448.0	127.0	5714	14	shSTN1_Etoposide
153	18	17607.66811827957	460.0	147.0	4961	14	shSTN1_Etoposide
153	18	17607.66811827957	463.0	130.0	2857	14	shSTN1_Etoposide
154	18	8901.152371485374	615.0	149.0	5000	13	shSTN1_Etoposide
154	18	8901.152371485374	624.0	125.0	3422	13	shSTN1_Etoposide
154	18	8901.152371485374	636.0	142.0	7598	13	shSTN1_Etoposide
154	18	8901.152371485374	667.0	170.0	8806	13	shSTN1_Etoposide
154	18	8901.152371485374	672.0	140.0	5582	13	shSTN1_Etoposide
154	18	8901.152371485374	676.0	192.0	6505	13	shSTN1_Etoposide
154	18	8901.152371485374	685.0	131.0	9082	13	shSTN1_Etoposide
154	18	8901.152371485374	700.0	191.0	5903	13	shSTN1_Etoposide
154	18	8901.152371485374	705.0	174.0	8919	13	shSTN1_Etoposide
154	18	8901.152371485374	717.0	215.0	5444	13	shSTN1_Etoposide
154	18	8901.152371485374	721.0	152.0	8998	13	shSTN1_Etoposide
154	18	8901.152371485374	721.0	162.0	2854	13	shSTN1_Etoposide
154	18	8901.152371485374	748.0	205.0	79	13	shSTN1_Etoposide
155	18	13247.762982083206	270.0	274.0	6098	6	shSTN1_Etoposide
155	18	13247.762982083206	315.0	361.0	2443	6	shSTN1_Etoposide
155	18	13247.762982083206	332.0	231.0	11	6	shSTN1_Etoposide
155	18	13247.762982083206	338.0	260.0	7502	6	shSTN1_Etoposide
155	18	13247.762982083206	360.0	300.0	6146	6	shSTN1_Etoposide
155	18	13247.762982083206	369.0	313.0	7765	6	shSTN1_Etoposide
156	18	16617.695433816312	576.0	365.0	3205	18	shSTN1_Etoposide
156	18	16617.695433816312	591.0	416.0	3239	18	shSTN1_Etoposide
156	18	16617.695433816312	594.0	348.0	2631	18	shSTN1_Etoposide
156	18	16617.695433816312	600.0	388.0	2450	18	shSTN1_Etoposide
156	18	16617.695433816312	609.0	442.0	4044	18	shSTN1_Etoposide
156	18	16617.695433816312	610.0	372.0	6157	18	shSTN1_Etoposide
156	18	16617.695433816312	615.0	425.0	2711	18	shSTN1_Etoposide
156	18	16617.695433816312	617.0	398.0	6513	18	shSTN1_Etoposide
156	18	16617.695433816312	623.0	424.0	2936	18	shSTN1_Etoposide
156	18	16617.695433816312	647.0	359.0	2786	18	shSTN1_Etoposide
156	18	16617.695433816312	659.0	379.0	6278	18	shSTN1_Etoposide
156	18	16617.695433816312	666.0	358.0	8398	18	shSTN1_Etoposide
156	18	16617.695433816312	673.0	440.0	8201	18	shSTN1_Etoposide
156	18	16617.695433816312	676.0	364.0	6626	18	shSTN1_Etoposide
156	18	16617.695433816312	683.0	339.0	7047	18	shSTN1_Etoposide
156	18	16617.695433816312	683.0	373.0	6661	18	shSTN1_Etoposide
156	18	16617.695433816312	684.0	386.0	6939	18	shSTN1_Etoposide
156	18	16617.695433816312	698.0	354.0	6187	18	shSTN1_Etoposide
157	18	351.88190636862083	790.0	446.0	1426	1	shSTN1_Etoposide
158	18	16699.670478786444	352.0	532.0	6286	12	shSTN1_Etoposide
158	18	16699.670478786444	364.0	477.0	2774	12	shSTN1_Etoposide
158	18	16699.670478786444	380.0	495.0	9681	12	shSTN1_Etoposide
158	18	16699.670478786444	384.0	505.0	6709	12	shSTN1_Etoposide
158	18	16699.670478786444	401.0	490.0	9873	12	shSTN1_Etoposide
158	18	16699.670478786444	436.0	528.0	8837	12	shSTN1_Etoposide
158	18	16699.670478786444	445.0	534.0	8424	12	shSTN1_Etoposide
158	18	16699.670478786444	455.0	539.0	7027	12	shSTN1_Etoposide
158	18	16699.670478786444	461.0	441.0	8262	12	shSTN1_Etoposide
158	18	16699.670478786444	466.0	470.0	7751	12	shSTN1_Etoposide
158	18	16699.670478786444	487.0	470.0	7345	12	shSTN1_Etoposide
158	18	16699.670478786444	493.0	466.0	7058	12	shSTN1_Etoposide
159	18	16949.530234914204	40.0	563.0	7085	8	shSTN1_Etoposide
159	18	16949.530234914204	58.0	545.0	9345	8	shSTN1_Etoposide
159	18	16949.530234914204	59.0	569.0	7223	8	shSTN1_Etoposide
159	18	16949.530234914204	63.0	521.0	4178	8	shSTN1_Etoposide
159	18	16949.530234914204	88.0	526.0	9111	8	shSTN1_Etoposide
159	18	16949.530234914204	103.0	495.0	7827	8	shSTN1_Etoposide
159	18	16949.530234914204	108.0	530.0	7370	8	shSTN1_Etoposide
159	18	16949.530234914204	153.0	492.0	6493	8	shSTN1_Etoposide
160	18	372.81069958847735	508.0	711.0	2506	1	shSTN1_Etoposide
161	18	309.4481555333998	776.0	684.0	956	1	shSTN1_Etoposide
162	18	9401.138919838151	688.0	859.0	8927	18	shSTN1_Etoposide
162	18	9401.138919838151	689.0	869.0	5380	18	shSTN1_Etoposide
162	18	9401.138919838151	700.0	841.0	7027	18	shSTN1_Etoposide
162	18	9401.138919838151	703.0	849.0	8279	18	shSTN1_Etoposide
162	18	9401.138919838151	724.0	799.0	19	18	shSTN1_Etoposide
162	18	9401.138919838151	724.0	901.0	6757	18	shSTN1_Etoposide
162	18	9401.138919838151	731.0	836.0	6168	18	shSTN1_Etoposide
162	18	9401.138919838151	731.0	871.0	11916	18	shSTN1_Etoposide
162	18	9401.138919838151	733.0	824.0	8835	18	shSTN1_Etoposide
162	18	9401.138919838151	733.0	846.0	7678	18	shSTN1_Etoposide
162	18	9401.138919838151	734.0	830.0	11556	18	shSTN1_Etoposide
162	18	9401.138919838151	740.0	889.0	6558	18	shSTN1_Etoposide
162	18	9401.138919838151	743.0	845.0	12874	18	shSTN1_Etoposide
162	18	9401.138919838151	751.0	845.0	2670	18	shSTN1_Etoposide
162	18	9401.138919838151	754.0	882.0	6385	18	shSTN1_Etoposide
162	18	9401.138919838151	786.0	889.0	8658	18	shSTN1_Etoposide
162	18	9401.138919838151	791.0	863.0	2886	18	shSTN1_Etoposide
162	18	9401.138919838151	796.0	911.0	7978	18	shSTN1_Etoposide
163	19	434.4040302533453	103.0	61.0	2924	1	shSTN1_Etoposide
164	19	18345.673037716617	362.0	163.0	5949	1	shSTN1_Etoposide
165	19	11740.89073027182	763.0	184.0	3004	7	shSTN1_Etoposide
165	19	11740.89073027182	790.0	121.0	5766	7	shSTN1_Etoposide
165	19	11740.89073027182	794.0	162.0	5689	7	shSTN1_Etoposide
165	19	11740.89073027182	801.0	182.0	9033	7	shSTN1_Etoposide
165	19	11740.89073027182	803.0	127.0	3101	7	shSTN1_Etoposide
165	19	11740.89073027182	831.0	150.0	6086	7	shSTN1_Etoposide
165	19	11740.89073027182	832.0	165.0	5686	7	shSTN1_Etoposide
166	19	13780.32423490488	497.0	287.0	2606	5	shSTN1_Etoposide
166	19	13780.32423490488	526.0	335.0	7256	5	shSTN1_Etoposide
166	19	13780.32423490488	570.0	224.0	6529	5	shSTN1_Etoposide
166	19	13780.32423490488	579.0	330.0	5016	5	shSTN1_Etoposide
166	19	13780.32423490488	586.0	259.0	6104	5	shSTN1_Etoposide
167	19	445.3395573367338	785.0	387.0	9	2	shSTN1_Etoposide
167	19	445.3395573367338	848.0	282.0	3692	2	shSTN1_Etoposide
168	19	314.29428660956756	28.0	338.0	42	2	shSTN1_Etoposide
168	19	314.29428660956756	55.0	371.0	1800	2	shSTN1_Etoposide
169	19	374.7141050967997	702.0	454.0	6950	1	shSTN1_Etoposide
170	19	8165.7176341580425	402.0	498.0	3298	12	shSTN1_Etoposide
170	19	8165.7176341580425	402.0	513.0	8475	12	shSTN1_Etoposide
170	19	8165.7176341580425	414.0	530.0	3398	12	shSTN1_Etoposide
170	19	8165.7176341580425	430.0	546.0	9679	12	shSTN1_Etoposide
170	19	8165.7176341580425	440.0	479.0	8716	12	shSTN1_Etoposide
170	19	8165.7176341580425	443.0	518.0	5849	12	shSTN1_Etoposide
170	19	8165.7176341580425	451.0	484.0	7415	12	shSTN1_Etoposide
170	19	8165.7176341580425	454.0	532.0	2608	12	shSTN1_Etoposide
170	19	8165.7176341580425	455.0	473.0	11784	12	shSTN1_Etoposide
170	19	8165.7176341580425	457.0	481.0	7013	12	shSTN1_Etoposide
170	19	8165.7176341580425	483.0	532.0	4894	12	shSTN1_Etoposide
170	19	8165.7176341580425	487.0	484.0	6401	12	shSTN1_Etoposide
171	19	7825.719686524925	100.0	527.0	3406	19	shSTN1_Etoposide
171	19	7825.719686524925	109.0	502.0	11439	19	shSTN1_Etoposide
171	19	7825.719686524925	111.0	544.0	12025	19	shSTN1_Etoposide
171	19	7825.719686524925	116.0	578.0	12371	19	shSTN1_Etoposide
171	19	7825.719686524925	117.0	558.0	5586	19	shSTN1_Etoposide
171	19	7825.719686524925	120.0	523.0	7808	19	shSTN1_Etoposide
171	19	7825.719686524925	149.0	524.0	6393	19	shSTN1_Etoposide
171	19	7825.719686524925	151.0	573.0	7125	19	shSTN1_Etoposide
171	19	7825.719686524925	159.0	612.0	3770	19	shSTN1_Etoposide
171	19	7825.719686524925	160.0	511.0	12163	19	shSTN1_Etoposide
171	19	7825.719686524925	165.0	555.0	5683	19	shSTN1_Etoposide
171	19	7825.719686524925	171.0	603.0	8132	19	shSTN1_Etoposide
171	19	7825.719686524925	173.0	536.0	9451	19	shSTN1_Etoposide
171	19	7825.719686524925	176.0	587.0	12264	19	shSTN1_Etoposide
171	19	7825.719686524925	180.0	528.0	2828	19	shSTN1_Etoposide
171	19	7825.719686524925	182.0	552.0	8381	19	shSTN1_Etoposide
171	19	7825.719686524925	185.0	559.0	8033	19	shSTN1_Etoposide
171	19	7825.719686524925	187.0	548.0	8319	19	shSTN1_Etoposide
171	19	7825.719686524925	190.0	594.0	8391	19	shSTN1_Etoposide
172	19	3456.8605475954037	738.0	697.0	5121	13	shSTN1_Etoposide
172	19	3456.8605475954037	742.0	727.0	7437	13	shSTN1_Etoposide
172	19	3456.8605475954037	743.0	683.0	8537	13	shSTN1_Etoposide
172	19	3456.8605475954037	743.0	695.0	8162	13	shSTN1_Etoposide
172	19	3456.8605475954037	750.0	782.0	28	13	shSTN1_Etoposide
172	19	3456.8605475954037	766.0	730.0	7348	13	shSTN1_Etoposide
172	19	3456.8605475954037	791.0	698.0	6595	13	shSTN1_Etoposide
172	19	3456.8605475954037	794.0	752.0	6925	13	shSTN1_Etoposide
172	19	3456.8605475954037	814.0	711.0	6467	13	shSTN1_Etoposide
172	19	3456.8605475954037	820.0	784.0	13862	13	shSTN1_Etoposide
172	19	3456.8605475954037	820.0	786.0	4247	13	shSTN1_Etoposide
172	19	3456.8605475954037	830.0	739.0	11533	13	shSTN1_Etoposide
172	19	3456.8605475954037	831.0	706.0	7366	13	shSTN1_Etoposide
173	19	16234.362609856491	351.0	777.0	8067	13	shSTN1_Etoposide
173	19	16234.362609856491	364.0	788.0	7618	13	shSTN1_Etoposide
173	19	16234.362609856491	371.0	705.0	7823	13	shSTN1_Etoposide
173	19	16234.362609856491	384.0	696.0	6502	13	shSTN1_Etoposide
173	19	16234.362609856491	384.0	747.0	5349	13	shSTN1_Etoposide
173	19	16234.362609856491	388.0	783.0	6946	13	shSTN1_Etoposide
173	19	16234.362609856491	395.0	685.0	6624	13	shSTN1_Etoposide
173	19	16234.362609856491	404.0	742.0	6128	13	shSTN1_Etoposide
173	19	16234.362609856491	414.0	752.0	7360	13	shSTN1_Etoposide
173	19	16234.362609856491	421.0	757.0	9570	13	shSTN1_Etoposide
173	19	16234.362609856491	436.0	783.0	14	13	shSTN1_Etoposide
173	19	16234.362609856491	454.0	686.0	6188	13	shSTN1_Etoposide
173	19	16234.362609856491	454.0	724.0	7058	13	shSTN1_Etoposide
174	19	19090.769548108656	544.0	894.0	7826	11	shSTN1_Etoposide
174	19	19090.769548108656	555.0	800.0	7052	11	shSTN1_Etoposide
174	19	19090.769548108656	557.0	847.0	7307	11	shSTN1_Etoposide
174	19	19090.769548108656	558.0	820.0	6321	11	shSTN1_Etoposide
174	19	19090.769548108656	562.0	795.0	6635	11	shSTN1_Etoposide
174	19	19090.769548108656	568.0	786.0	8363	11	shSTN1_Etoposide
174	19	19090.769548108656	572.0	905.0	7757	11	shSTN1_Etoposide
174	19	19090.769548108656	585.0	891.0	10886	11	shSTN1_Etoposide
174	19	19090.769548108656	617.0	861.0	5869	11	shSTN1_Etoposide
174	19	19090.769548108656	623.0	835.0	6977	11	shSTN1_Etoposide
174	19	19090.769548108656	632.0	856.0	7364	11	shSTN1_Etoposide
175	20	278.0817223664001	253.0	199.0	56	2	shSTN1_Etoposide
175	20	278.0817223664001	288.0	110.0	1608	2	shSTN1_Etoposide
176	20	305.0162785026216	94.0	321.0	1432	1	shSTN1_Etoposide
177	20	4301.552795561246	410.0	260.0	9391	3	shSTN1_Etoposide
177	20	4301.552795561246	410.0	282.0	6129	3	shSTN1_Etoposide
177	20	4301.552795561246	485.0	254.0	7643	3	shSTN1_Etoposide
178	20	8751.59970540787	624.0	319.0	8077	13	shSTN1_Etoposide
178	20	8751.59970540787	625.0	274.0	15696	13	shSTN1_Etoposide
178	20	8751.59970540787	628.0	297.0	6252	13	shSTN1_Etoposide
178	20	8751.59970540787	644.0	252.0	7208	13	shSTN1_Etoposide
178	20	8751.59970540787	645.0	315.0	6233	13	shSTN1_Etoposide
178	20	8751.59970540787	650.0	331.0	2528	13	shSTN1_Etoposide
178	20	8751.59970540787	653.0	254.0	10388	13	shSTN1_Etoposide
178	20	8751.59970540787	657.0	318.0	10257	13	shSTN1_Etoposide
178	20	8751.59970540787	663.0	362.0	2583	13	shSTN1_Etoposide
178	20	8751.59970540787	670.0	339.0	6542	13	shSTN1_Etoposide
178	20	8751.59970540787	675.0	348.0	6759	13	shSTN1_Etoposide
178	20	8751.59970540787	678.0	275.0	7688	13	shSTN1_Etoposide
178	20	8751.59970540787	688.0	283.0	8126	13	shSTN1_Etoposide
179	20	18564.51753255411	789.0	460.0	5616	2	shSTN1_Etoposide
179	20	18564.51753255411	897.0	501.0	8474	2	shSTN1_Etoposide
180	20	12441.581783081783	258.0	440.0	5484	3	shSTN1_Etoposide
180	20	12441.581783081783	313.0	530.0	2605	3	shSTN1_Etoposide
180	20	12441.581783081783	325.0	421.0	5089	3	shSTN1_Etoposide
181	20	418.8978059368767	108.0	425.0	888	1	shSTN1_Etoposide
182	20	11754.43180105501	534.0	470.0	7	11	shSTN1_Etoposide
182	20	11754.43180105501	547.0	530.0	7928	11	shSTN1_Etoposide
182	20	11754.43180105501	563.0	548.0	3251	11	shSTN1_Etoposide
182	20	11754.43180105501	567.0	530.0	7373	11	shSTN1_Etoposide
182	20	11754.43180105501	587.0	474.0	7494	11	shSTN1_Etoposide
182	20	11754.43180105501	590.0	442.0	8	11	shSTN1_Etoposide
182	20	11754.43180105501	600.0	448.0	23	11	shSTN1_Etoposide
182	20	11754.43180105501	605.0	462.0	6682	11	shSTN1_Etoposide
182	20	11754.43180105501	606.0	515.0	6286	11	shSTN1_Etoposide
182	20	11754.43180105501	622.0	532.0	6320	11	shSTN1_Etoposide
182	20	11754.43180105501	629.0	496.0	6488	11	shSTN1_Etoposide
183	20	22207.938539553754	766.0	659.0	5621	4	shSTN1_Etoposide
183	20	22207.938539553754	813.0	610.0	6822	4	shSTN1_Etoposide
183	20	22207.938539553754	816.0	660.0	7921	4	shSTN1_Etoposide
183	20	22207.938539553754	820.0	688.0	6190	4	shSTN1_Etoposide
184	20	344.43156540818643	405.0	674.0	869	1	shSTN1_Etoposide
185	20	382.2150553953559	657.0	857.0	1518	1	shSTN1_Etoposide
186	20	22241.326570256853	809.0	793.0	7043	4	shSTN1_Etoposide
186	20	22241.326570256853	823.0	773.0	2981	4	shSTN1_Etoposide
186	20	22241.326570256853	825.0	853.0	8150	4	shSTN1_Etoposide
186	20	22241.326570256853	838.0	777.0	6863	4	shSTN1_Etoposide
187	20	22697.42544316997	128.0	786.0	8487	5	shSTN1_Etoposide
187	20	22697.42544316997	141.0	786.0	13814	5	shSTN1_Etoposide
187	20	22697.42544316997	173.0	888.0	7318	5	shSTN1_Etoposide
187	20	22697.42544316997	178.0	842.0	4831	5	shSTN1_Etoposide
187	20	22697.42544316997	183.0	877.0	6759	5	shSTN1_Etoposide
188	21	2969.67758580705	688.0	119.0	5385	1	shSTN1_H2O2
189	21	3203.1913880660177	487.0	303.0	5396	1	shSTN1_H2O2
190	21	9662.137465865648	764.0	393.0	5521	1	shSTN1_H2O2
191	21	281.65324710811547	171.0	316.0	6304	1	shSTN1_H2O2
192	21	277.15097941567063	76.0	623.0	7187	1	shSTN1_H2O2
193	21	270.5441903997861	465.0	584.0	21	2	shSTN1_H2O2
193	21	270.5441903997861	565.0	632.0	1137	2	shSTN1_H2O2
194	21	267.2992640484215	565.0	632.0	1137	2	shSTN1_H2O2
194	21	267.2992640484215	645.0	631.0	1202	2	shSTN1_H2O2
195	21	265.7395863340439	297.0	736.0	2427	1	shSTN1_H2O2
196	21	284.2636546920821	699.0	742.0	1419	1	shSTN1_H2O2
197	21	275.37513154699263	180.0	753.0	4209	1	shSTN1_H2O2
198	22	270.0522802111056	797.0	226.0	924	1	shSTN1_H2O2
199	22	271.549816134222	359.0	271.0	1364	2	shSTN1_H2O2
199	22	271.549816134222	361.0	146.0	2	2	shSTN1_H2O2
200	22	262.89839420207477	177.0	187.0	2529	1	shSTN1_H2O2
201	22	274.4096693871905	109.0	382.0	851	1	shSTN1_H2O2
202	22	5688.780410987195	455.0	400.0	5497	1	shSTN1_H2O2
203	22	276.81633453119895	781.0	502.0	175	2	shSTN1_H2O2
203	22	276.81633453119895	803.0	502.0	1705	2	shSTN1_H2O2
204	22	270.0893970893971	227.0	465.0	5571	1	shSTN1_H2O2
205	22	4749.178017104847	367.0	706.0	4936	1	shSTN1_H2O2
206	22	11529.598204006446	771.0	773.0	5545	3	shSTN1_H2O2
206	22	11529.598204006446	802.0	801.0	5919	3	shSTN1_H2O2
206	22	11529.598204006446	855.0	772.0	9240	3	shSTN1_H2O2
207	22	2952.905394736842	86.0	834.0	6642	8	shSTN1_H2O2
207	22	2952.905394736842	109.0	881.0	6994	8	shSTN1_H2O2
207	22	2952.905394736842	118.0	767.0	5905	8	shSTN1_H2O2
207	22	2952.905394736842	168.0	816.0	6579	8	shSTN1_H2O2
207	22	2952.905394736842	198.0	815.0	7699	8	shSTN1_H2O2
207	22	2952.905394736842	200.0	789.0	6988	8	shSTN1_H2O2
207	22	2952.905394736842	207.0	745.0	7017	8	shSTN1_H2O2
207	22	2952.905394736842	230.0	785.0	5599	8	shSTN1_H2O2
208	22	7334.514259159614	511.0	882.0	5809	1	shSTN1_H2O2
209	23	279.9585107150588	514.0	200.0	1300	1	shSTN1_H2O2
210	23	271.8926183561829	307.0	156.0	52	2	shSTN1_H2O2
210	23	271.8926183561829	340.0	245.0	968	2	shSTN1_H2O2
211	23	263.4441995592066	858.0	193.0	3052	1	shSTN1_H2O2
212	23	263.1114278631631	158.0	232.0	854	2	shSTN1_H2O2
212	23	263.1114278631631	190.0	288.0	13	2	shSTN1_H2O2
213	23	270.2938453320672	440.0	362.0	1957	1	shSTN1_H2O2
214	23	277.0029795866616	717.0	386.0	2017	1	shSTN1_H2O2
215	23	5629.1083198755905	846.0	397.0	6480	6	shSTN1_H2O2
215	23	5629.1083198755905	851.0	438.0	8650	6	shSTN1_H2O2
215	23	5629.1083198755905	881.0	472.0	7233	6	shSTN1_H2O2
215	23	5629.1083198755905	889.0	473.0	7328	6	shSTN1_H2O2
215	23	5629.1083198755905	892.0	414.0	5447	6	shSTN1_H2O2
215	23	5629.1083198755905	898.0	404.0	2586	6	shSTN1_H2O2
216	23	2830.776819520404	437.0	547.0	7370	13	shSTN1_H2O2
216	23	2830.776819520404	445.0	498.0	8821	13	shSTN1_H2O2
216	23	2830.776819520404	453.0	476.0	6782	13	shSTN1_H2O2
216	23	2830.776819520404	456.0	543.0	14674	13	shSTN1_H2O2
216	23	2830.776819520404	460.0	540.0	7155	13	shSTN1_H2O2
216	23	2830.776819520404	464.0	489.0	10614	13	shSTN1_H2O2
216	23	2830.776819520404	464.0	544.0	4913	13	shSTN1_H2O2
216	23	2830.776819520404	482.0	541.0	14221	13	shSTN1_H2O2
216	23	2830.776819520404	484.0	548.0	5656	13	shSTN1_H2O2
216	23	2830.776819520404	498.0	506.0	6309	13	shSTN1_H2O2
216	23	2830.776819520404	504.0	577.0	2472	13	shSTN1_H2O2
216	23	2830.776819520404	529.0	588.0	10259	13	shSTN1_H2O2
216	23	2830.776819520404	535.0	559.0	6626	13	shSTN1_H2O2
217	23	5418.418599932364	339.0	578.0	7673	9	shSTN1_H2O2
217	23	5418.418599932364	348.0	574.0	7029	9	shSTN1_H2O2
217	23	5418.418599932364	351.0	579.0	6029	9	shSTN1_H2O2
217	23	5418.418599932364	353.0	557.0	6201	9	shSTN1_H2O2
217	23	5418.418599932364	394.0	604.0	7325	9	shSTN1_H2O2
217	23	5418.418599932364	400.0	574.0	7797	9	shSTN1_H2O2
217	23	5418.418599932364	414.0	586.0	6330	9	shSTN1_H2O2
217	23	5418.418599932364	418.0	637.0	3281	9	shSTN1_H2O2
217	23	5418.418599932364	437.0	547.0	7370	9	shSTN1_H2O2
218	23	276.6629462870188	757.0	652.0	2332	1	shSTN1_H2O2
219	23	274.77491462278795	636.0	796.0	2403	1	shSTN1_H2O2
220	23	345.0724133224133	162.0	770.0	7587	7	shSTN1_H2O2
220	23	345.0724133224133	208.0	707.0	8117	7	shSTN1_H2O2
220	23	345.0724133224133	213.0	786.0	13554	7	shSTN1_H2O2
220	23	345.0724133224133	223.0	721.0	7362	7	shSTN1_H2O2
220	23	345.0724133224133	232.0	775.0	7993	7	shSTN1_H2O2
220	23	345.0724133224133	257.0	731.0	4205	7	shSTN1_H2O2
220	23	345.0724133224133	262.0	831.0	437	7	shSTN1_H2O2
221	23	292.7846205282514	449.0	880.0	1701	1	shSTN1_H2O2
222	24	283.66229081662823	271.0	183.0	1250	1	shSTN1_H2O2
223	24	1203.036786973142	746.0	245.0	4810	1	shSTN1_H2O2
224	24	280.5444735120994	544.0	261.0	998	1	shSTN1_H2O2
225	24	282.8287394558631	107.0	284.0	1204	1	shSTN1_H2O2
226	24	2970.74862666385	318.0	297.0	1449	1	shSTN1_H2O2
227	24	282.843741209564	772.0	417.0	963	1	shSTN1_H2O2
228	24	287.68799623200107	530.0	434.0	1321	1	shSTN1_H2O2
229	24	2331.2654495707143	285.0	445.0	1297	2	shSTN1_H2O2
229	24	2331.2654495707143	435.0	478.0	8	2	shSTN1_H2O2
230	24	293.89485389983895	672.0	618.0	1718	1	shSTN1_H2O2
231	24	305.21172764096957	370.0	678.0	4176	1	shSTN1_H2O2
232	24	15096.019397015181	229.0	821.0	5035	1	shSTN1_H2O2
233	25	14071.71781294964	165.0	128.0	4065	1	shSTN1_H2O2
234	25	10922.85628318584	864.0	186.0	34	2	shSTN1_H2O2
234	25	10922.85628318584	908.0	145.0	6751	2	shSTN1_H2O2
235	25	12239.36989944859	683.0	175.0	9074	1	shSTN1_H2O2
236	25	2946.947048204854	425.0	188.0	6895	6	shSTN1_H2O2
236	25	2946.947048204854	435.0	210.0	5640	6	shSTN1_H2O2
236	25	2946.947048204854	440.0	296.0	7	6	shSTN1_H2O2
236	25	2946.947048204854	448.0	245.0	6448	6	shSTN1_H2O2
236	25	2946.947048204854	492.0	283.0	9372	6	shSTN1_H2O2
236	25	2946.947048204854	511.0	222.0	7246	6	shSTN1_H2O2
237	25	380.8814999610197	237.0	303.0	1674	1	shSTN1_H2O2
238	25	10519.148842414492	782.0	362.0	2456	1	shSTN1_H2O2
239	25	288.8291567897054	496.0	496.0	996	2	shSTN1_H2O2
239	25	288.8291567897054	569.0	506.0	6	2	shSTN1_H2O2
240	25	14533.314547013433	119.0	463.0	5537	2	shSTN1_H2O2
240	25	14533.314547013433	187.0	468.0	6323	2	shSTN1_H2O2
241	25	286.47150680876257	628.0	551.0	944	1	shSTN1_H2O2
242	25	288.625567120363	508.0	648.0	2280	1	shSTN1_H2O2
243	25	3265.168056968464	73.0	612.0	5921	13	shSTN1_H2O2
243	25	3265.168056968464	87.0	614.0	7283	13	shSTN1_H2O2
243	25	3265.168056968464	90.0	664.0	3119	13	shSTN1_H2O2
243	25	3265.168056968464	96.0	649.0	6752	13	shSTN1_H2O2
243	25	3265.168056968464	100.0	623.0	7693	13	shSTN1_H2O2
243	25	3265.168056968464	100.0	674.0	8333	13	shSTN1_H2O2
243	25	3265.168056968464	105.0	670.0	4435	13	shSTN1_H2O2
243	25	3265.168056968464	106.0	633.0	4024	13	shSTN1_H2O2
243	25	3265.168056968464	112.0	609.0	9961	13	shSTN1_H2O2
243	25	3265.168056968464	122.0	605.0	6887	13	shSTN1_H2O2
243	25	3265.168056968464	123.0	671.0	7833	13	shSTN1_H2O2
243	25	3265.168056968464	142.0	674.0	3060	13	shSTN1_H2O2
243	25	3265.168056968464	154.0	674.0	5442	13	shSTN1_H2O2
244	25	272.97393967033685	766.0	695.0	1762	1	shSTN1_H2O2
245	25	299.6709604519774	368.0	677.0	997	1	shSTN1_H2O2
246	25	286.1998551774077	622.0	797.0	3788	1	shSTN1_H2O2
247	26	280.8255956357159	521.0	44.0	5819	1	shSTN1
248	26	276.9218511242087	289.0	185.0	1976	1	shSTN1
249	26	298.18438455521584	659.0	192.0	970	1	shSTN1
250	26	3352.483845715912	749.0	336.0	5645	5	shSTN1
250	26	3352.483845715912	753.0	368.0	5514	5	shSTN1
250	26	3352.483845715912	785.0	305.0	9286	5	shSTN1
250	26	3352.483845715912	807.0	309.0	7265	5	shSTN1
250	26	3352.483845715912	830.0	346.0	10559	5	shSTN1
251	26	280.88062764031383	320.0	295.0	5760	2	shSTN1
251	26	280.88062764031383	399.0	368.0	10258	2	shSTN1
252	26	275.90784382694335	292.0	451.0	1094	1	shSTN1
253	26	289.60146070213295	584.0	540.0	1015	1	shSTN1
254	26	274.9828994869846	246.0	541.0	933	1	shSTN1
255	26	340.7001708870592	697.0	549.0	777	1	shSTN1
256	26	303.43203117750767	870.0	548.0	1446	1	shSTN1
257	26	8753.982291419063	637.0	775.0	12794	13	shSTN1
257	26	8753.982291419063	640.0	758.0	8165	13	shSTN1
257	26	8753.982291419063	646.0	798.0	9567	13	shSTN1
257	26	8753.982291419063	654.0	750.0	7385	13	shSTN1
257	26	8753.982291419063	667.0	723.0	3148	13	shSTN1
257	26	8753.982291419063	674.0	806.0	5706	13	shSTN1
257	26	8753.982291419063	680.0	790.0	8219	13	shSTN1
257	26	8753.982291419063	698.0	794.0	6527	13	shSTN1
257	26	8753.982291419063	701.0	779.0	6764	13	shSTN1
257	26	8753.982291419063	720.0	837.0	12256	13	shSTN1
257	26	8753.982291419063	725.0	808.0	2549	13	shSTN1
257	26	8753.982291419063	728.0	768.0	11335	13	shSTN1
257	26	8753.982291419063	754.0	812.0	8682	13	shSTN1
258	26	1238.810361896381	190.0	822.0	7352	6	shSTN1
258	26	1238.810361896381	202.0	853.0	7865	6	shSTN1
258	26	1238.810361896381	204.0	766.0	5742	6	shSTN1
258	26	1238.810361896381	230.0	837.0	11333	6	shSTN1
258	26	1238.810361896381	301.0	804.0	6826	6	shSTN1
258	26	1238.810361896381	321.0	810.0	3254	6	shSTN1
259	26	310.5262974330357	451.0	823.0	4944	1	shSTN1
260	27	5214.263949569342	226.0	97.0	9649	8	shSTN1
260	27	5214.263949569342	240.0	91.0	7230	8	shSTN1
260	27	5214.263949569342	267.0	177.0	5653	8	shSTN1
260	27	5214.263949569342	273.0	117.0	5863	8	shSTN1
260	27	5214.263949569342	283.0	94.0	8721	8	shSTN1
260	27	5214.263949569342	288.0	133.0	8867	8	shSTN1
260	27	5214.263949569342	307.0	144.0	6667	8	shSTN1
260	27	5214.263949569342	326.0	103.0	6968	8	shSTN1
261	27	458.60871893744644	612.0	131.0	2061	1	shSTN1
262	27	7133.63787188572	341.0	260.0	10507	19	shSTN1
262	27	7133.63787188572	349.0	242.0	9204	19	shSTN1
262	27	7133.63787188572	368.0	218.0	6357	19	shSTN1
262	27	7133.63787188572	381.0	251.0	6183	19	shSTN1
262	27	7133.63787188572	390.0	323.0	9080	19	shSTN1
262	27	7133.63787188572	403.0	275.0	7010	19	shSTN1
262	27	7133.63787188572	411.0	216.0	6976	19	shSTN1
262	27	7133.63787188572	414.0	228.0	6858	19	shSTN1
262	27	7133.63787188572	416.0	242.0	9727	19	shSTN1
262	27	7133.63787188572	416.0	311.0	6581	19	shSTN1
262	27	7133.63787188572	420.0	296.0	9556	19	shSTN1
262	27	7133.63787188572	420.0	324.0	5020	19	shSTN1
262	27	7133.63787188572	430.0	341.0	5918	19	shSTN1
262	27	7133.63787188572	431.0	228.0	9049	19	shSTN1
262	27	7133.63787188572	437.0	308.0	7088	19	shSTN1
262	27	7133.63787188572	448.0	314.0	8113	19	shSTN1
262	27	7133.63787188572	451.0	326.0	7406	19	shSTN1
262	27	7133.63787188572	470.0	286.0	6611	19	shSTN1
262	27	7133.63787188572	474.0	308.0	8591	19	shSTN1
263	27	17971.481117950425	627.0	392.0	7623	4	shSTN1
263	27	17971.481117950425	629.0	412.0	7628	4	shSTN1
263	27	17971.481117950425	654.0	353.0	12574	4	shSTN1
263	27	17971.481117950425	670.0	429.0	5498	4	shSTN1
264	27	543.4072917545784	521.0	401.0	902	1	shSTN1
265	27	335.5425824175824	282.0	412.0	1217	1	shSTN1
266	27	377.4154106428791	236.0	498.0	790	1	shSTN1
267	27	453.93342311253264	882.0	515.0	2852	1	shSTN1
268	27	20315.541778288047	665.0	547.0	9718	15	shSTN1
268	27	20315.541778288047	665.0	584.0	6167	15	shSTN1
268	27	20315.541778288047	666.0	600.0	8652	15	shSTN1
268	27	20315.541778288047	678.0	582.0	7164	15	shSTN1
268	27	20315.541778288047	679.0	573.0	5040	15	shSTN1
268	27	20315.541778288047	680.0	595.0	13957	15	shSTN1
268	27	20315.541778288047	683.0	514.0	10870	15	shSTN1
268	27	20315.541778288047	684.0	534.0	10383	15	shSTN1
268	27	20315.541778288047	684.0	536.0	21808	15	shSTN1
268	27	20315.541778288047	689.0	474.0	11674	15	shSTN1
268	27	20315.541778288047	705.0	505.0	3596	15	shSTN1
268	27	20315.541778288047	723.0	486.0	7862	15	shSTN1
268	27	20315.541778288047	725.0	525.0	5625	15	shSTN1
268	27	20315.541778288047	732.0	504.0	6758	15	shSTN1
268	27	20315.541778288047	743.0	529.0	8986	15	shSTN1
269	27	343.8419394363732	297.0	582.0	969	1	shSTN1
270	27	299.1437318723816	144.0	649.0	753	1	shSTN1
271	27	16695.91721622001	485.0	665.0	2801	11	shSTN1
271	27	16695.91721622001	487.0	649.0	6920	11	shSTN1
271	27	16695.91721622001	491.0	691.0	13305	11	shSTN1
271	27	16695.91721622001	494.0	715.0	9503	11	shSTN1
271	27	16695.91721622001	537.0	714.0	8400	11	shSTN1
271	27	16695.91721622001	541.0	727.0	7792	11	shSTN1
271	27	16695.91721622001	554.0	620.0	5642	11	shSTN1
271	27	16695.91721622001	557.0	646.0	4167	11	shSTN1
271	27	16695.91721622001	570.0	722.0	5954	11	shSTN1
271	27	16695.91721622001	573.0	699.0	11213	11	shSTN1
271	27	16695.91721622001	577.0	653.0	2615	11	shSTN1
272	27	12813.99917774428	898.0	723.0	4670	1	shSTN1
273	27	345.4917302798982	322.0	754.0	2004	1	shSTN1
274	27	19077.455620910714	771.0	759.0	10543	8	shSTN1
274	27	19077.455620910714	789.0	740.0	7082	8	shSTN1
274	27	19077.455620910714	801.0	842.0	6508	8	shSTN1
274	27	19077.455620910714	809.0	833.0	10498	8	shSTN1
274	27	19077.455620910714	818.0	815.0	7741	8	shSTN1
274	27	19077.455620910714	838.0	797.0	8196	8	shSTN1
274	27	19077.455620910714	845.0	807.0	8669	8	shSTN1
274	27	19077.455620910714	854.0	835.0	5013	8	shSTN1
275	27	19441.12487073423	486.0	876.0	10466	10	shSTN1
275	27	19441.12487073423	507.0	833.0	6235	10	shSTN1
275	27	19441.12487073423	536.0	867.0	9966	10	shSTN1
275	27	19441.12487073423	541.0	848.0	6666	10	shSTN1
275	27	19441.12487073423	561.0	874.0	5013	10	shSTN1
275	27	19441.12487073423	568.0	911.0	6091	10	shSTN1
275	27	19441.12487073423	588.0	798.0	2477	10	shSTN1
275	27	19441.12487073423	588.0	822.0	7603	10	shSTN1
275	27	19441.12487073423	603.0	819.0	7929	10	shSTN1
275	27	19441.12487073423	612.0	818.0	8569	10	shSTN1
276	28	265.88560852293244	507.0	241.0	1574	1	shSTN1
277	28	278.11252151463	335.0	259.0	2217	1	shSTN1
278	28	286.94019026090234	633.0	245.0	951	1	shSTN1
279	28	3419.0007595074053	656.0	461.0	6863	9	shSTN1
279	28	3419.0007595074053	685.0	492.0	22	9	shSTN1
279	28	3419.0007595074053	701.0	440.0	5083	9	shSTN1
279	28	3419.0007595074053	707.0	394.0	3435	9	shSTN1
279	28	3419.0007595074053	709.0	481.0	4915	9	shSTN1
279	28	3419.0007595074053	717.0	441.0	6148	9	shSTN1
279	28	3419.0007595074053	727.0	380.0	6562	9	shSTN1
279	28	3419.0007595074053	758.0	468.0	9348	9	shSTN1
279	28	3419.0007595074053	772.0	406.0	18	9	shSTN1
280	28	270.46741672460655	394.0	475.0	1349	1	shSTN1
281	28	267.6772498857926	257.0	429.0	7310	2	shSTN1
281	28	267.6772498857926	331.0	487.0	6392	2	shSTN1
282	28	272.7513491904857	385.0	602.0	1832	2	shSTN1
282	28	272.7513491904857	413.0	558.0	17	2	shSTN1
283	28	267.61627232286764	506.0	674.0	3656	1	shSTN1
284	28	273.6442736088058	739.0	646.0	2530	1	shSTN1
285	28	266.4229102956167	124.0	694.0	1944	1	shSTN1
286	28	274.46055293324343	653.0	765.0	1097	1	shSTN1
287	28	274.4184392117806	390.0	834.0	2022	1	shSTN1
288	28	276.5150574829586	114.0	889.0	6204	1	shSTN1
289	29	349.7332538736591	792.0	69.0	6234	3	shSTN1
289	29	349.7332538736591	808.0	62.0	5983	3	shSTN1
289	29	349.7332538736591	808.0	137.0	7971	3	shSTN1
290	29	358.3183074633213	514.0	135.0	1944	1	shSTN1
291	29	15199.395702235908	545.0	279.0	11138	8	shSTN1
291	29	15199.395702235908	549.0	286.0	13989	8	shSTN1
291	29	15199.395702235908	573.0	264.0	11584	8	shSTN1
291	29	15199.395702235908	576.0	229.0	11243	8	shSTN1
291	29	15199.395702235908	617.0	280.0	17716	8	shSTN1
291	29	15199.395702235908	634.0	263.0	15926	8	shSTN1
291	29	15199.395702235908	636.0	284.0	7081	8	shSTN1
291	29	15199.395702235908	639.0	280.0	10052	8	shSTN1
292	29	4010.890826383624	762.0	419.0	9055	5	shSTN1
292	29	4010.890826383624	782.0	396.0	6384	5	shSTN1
292	29	4010.890826383624	808.0	400.0	7037	5	shSTN1
292	29	4010.890826383624	811.0	396.0	3689	5	shSTN1
292	29	4010.890826383624	819.0	341.0	11	5	shSTN1
293	29	15616.471506808763	456.0	418.0	13564	22	shSTN1
293	29	15616.471506808763	485.0	355.0	8536	22	shSTN1
293	29	15616.471506808763	489.0	409.0	4895	22	shSTN1
293	29	15616.471506808763	490.0	440.0	14817	22	shSTN1
293	29	15616.471506808763	490.0	449.0	12169	22	shSTN1
293	29	15616.471506808763	496.0	368.0	7768	22	shSTN1
293	29	15616.471506808763	499.0	367.0	8499	22	shSTN1
293	29	15616.471506808763	501.0	350.0	9823	22	shSTN1
293	29	15616.471506808763	501.0	381.0	9063	22	shSTN1
293	29	15616.471506808763	506.0	440.0	5728	22	shSTN1
293	29	15616.471506808763	511.0	357.0	10094	22	shSTN1
293	29	15616.471506808763	512.0	391.0	13113	22	shSTN1
293	29	15616.471506808763	514.0	458.0	15287	22	shSTN1
293	29	15616.471506808763	519.0	464.0	8609	22	shSTN1
293	29	15616.471506808763	523.0	374.0	8117	22	shSTN1
293	29	15616.471506808763	533.0	355.0	12	22	shSTN1
293	29	15616.471506808763	534.0	424.0	12038	22	shSTN1
293	29	15616.471506808763	536.0	356.0	11	22	shSTN1
293	29	15616.471506808763	541.0	396.0	8666	22	shSTN1
293	29	15616.471506808763	544.0	435.0	11780	22	shSTN1
293	29	15616.471506808763	573.0	447.0	9463	22	shSTN1
293	29	15616.471506808763	574.0	479.0	6757	22	shSTN1
294	29	20000.462167906484	527.0	546.0	6648	23	shSTN1
294	29	20000.462167906484	538.0	538.0	7811	23	shSTN1
294	29	20000.462167906484	542.0	507.0	12666	23	shSTN1
294	29	20000.462167906484	543.0	504.0	12148	23	shSTN1
294	29	20000.462167906484	550.0	514.0	11494	23	shSTN1
294	29	20000.462167906484	555.0	577.0	8125	23	shSTN1
294	29	20000.462167906484	565.0	543.0	12606	23	shSTN1
294	29	20000.462167906484	569.0	553.0	8001	23	shSTN1
294	29	20000.462167906484	571.0	523.0	5869	23	shSTN1
294	29	20000.462167906484	574.0	479.0	6757	23	shSTN1
294	29	20000.462167906484	574.0	581.0	11004	23	shSTN1
294	29	20000.462167906484	590.0	478.0	5009	23	shSTN1
294	29	20000.462167906484	592.0	594.0	10281	23	shSTN1
294	29	20000.462167906484	593.0	470.0	6874	23	shSTN1
294	29	20000.462167906484	593.0	576.0	5004	23	shSTN1
294	29	20000.462167906484	595.0	502.0	10929	23	shSTN1
294	29	20000.462167906484	611.0	592.0	6538	23	shSTN1
294	29	20000.462167906484	632.0	539.0	6141	23	shSTN1
294	29	20000.462167906484	638.0	524.0	2458	23	shSTN1
294	29	20000.462167906484	651.0	549.0	8770	23	shSTN1
294	29	20000.462167906484	654.0	458.0	28	23	shSTN1
294	29	20000.462167906484	668.0	522.0	13442	23	shSTN1
294	29	20000.462167906484	673.0	541.0	7098	23	shSTN1
295	29	10047.580858421481	264.0	576.0	6391	13	shSTN1
295	29	10047.580858421481	297.0	566.0	5843	13	shSTN1
295	29	10047.580858421481	302.0	619.0	8564	13	shSTN1
295	29	10047.580858421481	303.0	639.0	8866	13	shSTN1
295	29	10047.580858421481	313.0	502.0	5488	13	shSTN1
295	29	10047.580858421481	322.0	576.0	5374	13	shSTN1
295	29	10047.580858421481	322.0	631.0	10235	13	shSTN1
295	29	10047.580858421481	334.0	544.0	5265	13	shSTN1
295	29	10047.580858421481	355.0	503.0	6583	13	shSTN1
295	29	10047.580858421481	359.0	579.0	6545	13	shSTN1
295	29	10047.580858421481	380.0	547.0	4933	13	shSTN1
295	29	10047.580858421481	388.0	549.0	7196	13	shSTN1
295	29	10047.580858421481	389.0	541.0	4470	13	shSTN1
296	29	17344.899946811653	763.0	664.0	8015	25	shSTN1
296	29	17344.899946811653	769.0	643.0	7808	25	shSTN1
296	29	17344.899946811653	773.0	683.0	10774	25	shSTN1
296	29	17344.899946811653	773.0	705.0	12107	25	shSTN1
296	29	17344.899946811653	776.0	639.0	7870	25	shSTN1
296	29	17344.899946811653	779.0	661.0	7656	25	shSTN1
296	29	17344.899946811653	781.0	675.0	9032	25	shSTN1
296	29	17344.899946811653	784.0	622.0	7580	25	shSTN1
296	29	17344.899946811653	785.0	717.0	6809	25	shSTN1
296	29	17344.899946811653	792.0	617.0	2414	25	shSTN1
296	29	17344.899946811653	797.0	683.0	8350	25	shSTN1
296	29	17344.899946811653	813.0	658.0	7227	25	shSTN1
296	29	17344.899946811653	822.0	732.0	7196	25	shSTN1
296	29	17344.899946811653	823.0	593.0	10149	25	shSTN1
296	29	17344.899946811653	830.0	686.0	6015	25	shSTN1
296	29	17344.899946811653	837.0	646.0	7059	25	shSTN1
296	29	17344.899946811653	840.0	613.0	7196	25	shSTN1
296	29	17344.899946811653	841.0	714.0	8454	25	shSTN1
296	29	17344.899946811653	849.0	611.0	9169	25	shSTN1
296	29	17344.899946811653	853.0	639.0	5173	25	shSTN1
296	29	17344.899946811653	860.0	698.0	4986	25	shSTN1
296	29	17344.899946811653	863.0	678.0	6215	25	shSTN1
296	29	17344.899946811653	869.0	709.0	10401	25	shSTN1
296	29	17344.899946811653	877.0	618.0	29	25	shSTN1
296	29	17344.899946811653	878.0	675.0	6627	25	shSTN1
297	30	17612.673686331804	258.0	115.0	6152	6	shSTN1
297	30	17612.673686331804	264.0	178.0	6	6	shSTN1
297	30	17612.673686331804	297.0	153.0	5904	6	shSTN1
297	30	17612.673686331804	317.0	66.0	2419	6	shSTN1
297	30	17612.673686331804	362.0	123.0	8710	6	shSTN1
297	30	17612.673686331804	395.0	179.0	7	6	shSTN1
298	30	271.8985703409187	760.0	105.0	1162	1	shSTN1
299	30	286.0239592692423	573.0	146.0	1583	1	shSTN1
300	30	15605.628375482213	99.0	220.0	7819	1	shSTN1
301	30	266.91982154238366	618.0	427.0	2340	1	shSTN1
302	30	275.2054823933581	347.0	384.0	23	2	shSTN1
302	30	275.2054823933581	377.0	419.0	2217	2	shSTN1
303	30	274.45743885506783	664.0	544.0	1097	1	shSTN1
304	30	280.5432608239491	187.0	451.0	2736	1	shSTN1
305	30	272.1241078759553	533.0	577.0	1101	1	shSTN1
306	30	278.3738238535221	110.0	566.0	1956	1	shSTN1
307	30	436.6465645081562	311.0	657.0	2729	3	shSTN1
307	30	436.6465645081562	326.0	639.0	3413	3	shSTN1
307	30	436.6465645081562	384.0	567.0	3685	3	shSTN1
308	30	277.98257881014456	264.0	841.0	2260	1	shSTN1
309	30	15068.811847441539	797.0	762.0	23400	3	shSTN1
309	30	15068.811847441539	846.0	772.0	12311	3	shSTN1
309	30	15068.811847441539	851.0	837.0	16175	3	shSTN1
310	30	297.70628873310983	153.0	913.0	826	1	shSTN1
