## ROI	Slice	EdU	FociPerCell	FociPerCellNoise	Condition
1	1	6888.768463597711	17	17.5	Ctrl_Etoposide
2	1	14645.630352528608	2	1.5	Ctrl_Etoposide
3	1	10912.48024256651	3	2.5	Ctrl_Etoposide
4	1	17224.970100296472	16	15.5	Ctrl_Etoposide
5	1	18706.68931111347	26	26.0	Ctrl_Etoposide
6	1	463.07400281210687	0	0.0	Ctrl_Etoposide
7	1	664.9754184100418	14	13.5	Ctrl_Etoposide
8	1	291.08353743297806	1	1.0	Ctrl_Etoposide
9	2	252.90162945081474	0	-0.5	Ctrl_Etoposide
10	2	259.068527201853	16	16.0	Ctrl_Etoposide
11	2	260.4953918475908	0	0.0	Ctrl_Etoposide
12	2	283.5092469368088	20	20.0	Ctrl_Etoposide
13	2	264.0317019628099	0	0.5	Ctrl_Etoposide
14	2	256.8254110421598	1	1.0	Ctrl_Etoposide
15	2	269.86772056259446	7	6.5	Ctrl_Etoposide
16	2	278.4177678204014	19	19.5	Ctrl_Etoposide
17	2	272.2447678536931	0	0.0	Ctrl_Etoposide
18	2	272.5403795090991	0	-0.5	Ctrl_Etoposide
19	2	269.4376056964842	46	46.0	Ctrl_Etoposide
20	3	319.4599816849817	21	21.0	Ctrl_Etoposide
21	3	259.7568875227687	0	0.0	Ctrl_Etoposide
22	3	270.8972102043861	2	1.5	Ctrl_Etoposide
23	3	7113.771304087822	25	25.0	Ctrl_Etoposide
24	3	267.50417120058034	30	30.0	Ctrl_Etoposide
25	3	262.2394823353169	12	12.0	Ctrl_Etoposide
26	3	259.7267321200511	10	10.0	Ctrl_Etoposide
27	4	278.0904175988069	0	0.5	Ctrl_Etoposide
28	4	14319.387662369734	17	17.0	Ctrl_Etoposide
29	4	384.2926193167	3	3.5	Ctrl_Etoposide
30	4	271.15935632808254	0	0.0	Ctrl_Etoposide
31	4	290.9629579467732	1	0.5	Ctrl_Etoposide
32	4	445.2146917044392	0	0.0	Ctrl_Etoposide
33	4	17452.349335302806	5	5.5	Ctrl_Etoposide
34	4	15581.891305362393	15	14.5	Ctrl_Etoposide
35	4	279.38732394366195	25	25.0	Ctrl_Etoposide
36	5	394.3851060007186	4	4.0	Ctrl_Etoposide
37	5	15341.517169290988	34	34.0	Ctrl_Etoposide
38	5	16640.171501294597	32	32.5	Ctrl_Etoposide
39	5	18884.5546692607	19	19.0	Ctrl_Etoposide
40	5	17350.879821837203	24	24.5	Ctrl_Etoposide
41	5	15248.451183731282	29	28.5	Ctrl_Etoposide
42	5	16365.50101637493	26	26.5	Ctrl_Etoposide
43	5	14432.587427552386	13	13.0	Ctrl_Etoposide
44	5	428.78525489134114	0	0.5	Ctrl_Etoposide
45	5	19840.5760197775	14	13.5	Ctrl_Etoposide
46	6	10480.340586998263	22	21.5	Ctrl_H2O2
47	6	262.43662502692223	1	1.5	Ctrl_H2O2
48	6	395.8481337047354	2	2.5	Ctrl_H2O2
49	6	12743.144862088811	18	17.5	Ctrl_H2O2
50	6	273.1440274682248	0	0.0	Ctrl_H2O2
51	6	4636.808018625942	23	23.0	Ctrl_H2O2
52	6	289.0851480448585	1	0.5	Ctrl_H2O2
53	6	289.80518808236513	1	0.5	Ctrl_H2O2
54	7	3210.186223963704	11	11.0	Ctrl_H2O2
55	7	9508.050365630714	2	1.5	Ctrl_H2O2
56	7	10829.36035041487	36	36.0	Ctrl_H2O2
57	7	11166.11485409933	6	6.0	Ctrl_H2O2
58	7	292.9059975806766	14	14.0	Ctrl_H2O2
59	8	267.31325718241607	2	1.5	Ctrl_H2O2
60	8	266.63496843690274	0	-0.5	Ctrl_H2O2
61	8	689.5512144821265	1	0.5	Ctrl_H2O2
62	8	3061.3925813118676	9	9.0	Ctrl_H2O2
63	8	4031.290934563073	5	4.5	Ctrl_H2O2
64	8	281.02309227837765	2	2.0	Ctrl_H2O2
65	8	273.5744680851064	0	0.0	Ctrl_H2O2
66	8	274.27436236154864	0	-0.5	Ctrl_H2O2
67	8	274.79322669479114	0	0.5	Ctrl_H2O2
68	8	274.9080438066465	0	-0.5	Ctrl_H2O2
69	8	268.6734099234099	0	0.0	Ctrl_H2O2
70	9	272.872354644687	0	0.0	Ctrl_H2O2
71	9	272.4117562033245	0	-0.5	Ctrl_H2O2
72	9	6782.017261286225	24	24.5	Ctrl_H2O2
73	9	312.06170791586493	2	2.0	Ctrl_H2O2
74	9	269.6036220646876	0	0.5	Ctrl_H2O2
75	9	274.6812386156648	0	0.0	Ctrl_H2O2
76	9	9354.587559649317	38	38.0	Ctrl_H2O2
77	9	275.49109887295083	0	-0.5	Ctrl_H2O2
78	9	266.25933285163774	3	3.0	Ctrl_H2O2
79	9	282.8376630151278	0	0.5	Ctrl_H2O2
80	9	272.95578935265036	0	0.0	Ctrl_H2O2
81	9	283.1799735586595	2	2.5	Ctrl_H2O2
82	10	259.84090372817366	0	0.5	Ctrl_H2O2
83	10	280.69803603669993	9	9.0	Ctrl_H2O2
84	10	280.56435289915464	0	0.0	Ctrl_H2O2
85	10	274.95200101317124	0	0.0	Ctrl_H2O2
86	10	277.7369266649391	0	0.0	Ctrl_H2O2
87	10	275.14753510300295	1	1.5	Ctrl_H2O2
88	10	273.2927344466143	21	20.5	Ctrl_H2O2
89	10	269.0097240266131	17	17.0	Ctrl_H2O2
90	10	274.5294804078123	1	1.5	Ctrl_H2O2
91	11	258.14539415712056	0	-0.5	Ctrl
92	11	7646.679543573886	2	2.0	Ctrl
93	11	261.57848619357816	0	0.0	Ctrl
94	11	275.37768542649854	0	-0.5	Ctrl
95	11	270.29024064171125	0	-0.5	Ctrl
96	11	269.8790338289721	0	0.0	Ctrl
97	11	4123.188837555095	0	0.0	Ctrl
98	11	269.25683285972616	0	0.0	Ctrl
99	11	272.70483749055177	0	0.0	Ctrl
100	11	259.28081845130504	1	1.0	Ctrl
101	11	266.12494611294727	0	-0.5	Ctrl
102	11	258.31311881188117	0	0.0	Ctrl
103	12	1078.4960412095775	12	12.0	Ctrl
104	12	13684.868728940472	40	40.5	Ctrl
105	12	13015.142970252235	39	39.0	Ctrl
106	12	13529.925484949832	36	36.5	Ctrl
107	12	296.2846992527257	0	0.5	Ctrl
108	12	4563.546857840146	19	19.0	Ctrl
109	13	8524.006504206052	38	37.5	Ctrl
110	13	427.21325889741803	0	0.5	Ctrl
111	13	278.90243417125424	0	0.0	Ctrl
112	13	17850.83878142133	6	6.5	Ctrl
113	13	314.9173145240179	3	3.0	Ctrl
114	13	303.0923897781522	0	0.0	Ctrl
115	13	21137.142838800795	34	34.5	Ctrl
116	13	9571.866858075775	38	38.0	Ctrl
117	13	294.3372072752629	0	0.5	Ctrl
118	13	426.798990602158	1	1.0	Ctrl
119	13	7509.922146435042	22	22.5	Ctrl
120	13	431.09614105123086	0	0.0	Ctrl
121	13	18261.53654964068	31	31.5	Ctrl
122	15	1609.5519498377428	12	12.0	Ctrl
123	15	14875.901773533424	29	29.0	Ctrl
124	15	438.5404021937843	0	0.0	Ctrl
125	15	16942.57251387942	14	14.5	Ctrl
126	15	13388.56704288939	16	15.5	Ctrl
127	15	7331.820854205114	39	38.5	Ctrl
128	16	14577.128570604189	19	19.0	shSTN1_Etoposide
129	16	297.8068066028123	0	-0.5	shSTN1_Etoposide
130	16	315.4791782729805	1	1.0	shSTN1_Etoposide
131	16	363.6607780612245	0	0.0	shSTN1_Etoposide
132	16	317.26031463342235	0	0.5	shSTN1_Etoposide
133	16	304.177462348394	0	-0.5	shSTN1_Etoposide
134	16	8259.787645907345	17	16.5	shSTN1_Etoposide
135	16	307.67101733014283	0	-0.5	shSTN1_Etoposide
136	16	310.0027946900888	0	-0.5	shSTN1_Etoposide
137	16	294.65136413973624	1	1.0	shSTN1_Etoposide
138	16	356.14111887104906	0	0.5	shSTN1_Etoposide
139	16	20836.76426930553	7	7.0	shSTN1_Etoposide
140	16	330.7430350704687	25	24.5	shSTN1_Etoposide
141	17	277.11084457771113	0	0.0	shSTN1_Etoposide
142	17	6848.591810834279	16	15.5	shSTN1_Etoposide
143	17	14846.87468186345	19	18.5	shSTN1_Etoposide
144	17	386.8164271541098	0	0.0	shSTN1_Etoposide
145	17	4128.497007935475	33	33.0	shSTN1_Etoposide
146	17	5827.26055558791	41	41.5	shSTN1_Etoposide
147	17	309.6940122583687	0	-0.5	shSTN1_Etoposide
148	17	314.6310660562459	0	-0.5	shSTN1_Etoposide
149	17	282.9606385128309	11	10.5	shSTN1_Etoposide
150	17	288.29818820336817	0	0.0	shSTN1_Etoposide
151	17	303.48885077186964	0	0.0	shSTN1_Etoposide
152	17	290.5305193646261	0	0.5	shSTN1_Etoposide
153	18	17607.66811827957	32	31.5	shSTN1_Etoposide
154	18	8901.152371485374	22	22.0	shSTN1_Etoposide
155	18	13247.762982083206	11	11.0	shSTN1_Etoposide
156	18	16617.695433816312	39	39.5	shSTN1_Etoposide
157	18	351.88190636862083	0	-0.5	shSTN1_Etoposide
158	18	16699.670478786444	30	30.5	shSTN1_Etoposide
159	18	16949.530234914204	22	22.0	shSTN1_Etoposide
160	18	372.81069958847735	0	0.0	shSTN1_Etoposide
161	18	309.4481555333998	0	-0.5	shSTN1_Etoposide
162	18	9401.138919838151	33	32.5	shSTN1_Etoposide
163	19	434.4040302533453	0	0.5	shSTN1_Etoposide
164	19	18345.673037716617	11	11.0	shSTN1_Etoposide
165	19	11740.89073027182	18	18.5	shSTN1_Etoposide
166	19	13780.32423490488	17	17.0	shSTN1_Etoposide
167	19	445.3395573367338	1	1.0	shSTN1_Etoposide
168	19	314.29428660956756	0	0.0	shSTN1_Etoposide
169	19	374.7141050967997	1	1.0	shSTN1_Etoposide
170	19	8165.7176341580425	24	24.0	shSTN1_Etoposide
171	19	7825.719686524925	31	31.0	shSTN1_Etoposide
172	19	3456.8605475954037	23	23.5	shSTN1_Etoposide
173	19	16234.362609856491	32	32.0	shSTN1_Etoposide
174	19	19090.769548108656	29	29.5	shSTN1_Etoposide
175	20	278.0817223664001	0	-0.5	shSTN1_Etoposide
176	20	305.0162785026216	0	-0.5	shSTN1_Etoposide
177	20	4301.552795561246	13	12.5	shSTN1_Etoposide
178	20	8751.59970540787	24	24.0	shSTN1_Etoposide
179	20	18564.51753255411	9	9.0	shSTN1_Etoposide
180	20	12441.581783081783	14	14.0	shSTN1_Etoposide
181	20	418.8978059368767	0	-0.5	shSTN1_Etoposide
182	20	11754.43180105501	22	22.0	shSTN1_Etoposide
183	20	22207.938539553754	16	15.5	shSTN1_Etoposide
184	20	344.43156540818643	0	0.5	shSTN1_Etoposide
185	20	382.2150553953559	0	0.0	shSTN1_Etoposide
186	20	22241.326570256853	13	12.5	shSTN1_Etoposide
187	20	22697.42544316997	14	14.0	shSTN1_Etoposide
188	21	2969.67758580705	3	3.0	shSTN1_H2O2
189	21	3203.1913880660177	6	6.5	shSTN1_H2O2
190	21	9662.137465865648	5	5.5	shSTN1_H2O2
191	21	281.65324710811547	10	9.5	shSTN1_H2O2
192	21	277.15097941567063	4	4.0	shSTN1_H2O2
193	21	270.5441903997861	0	0.0	shSTN1_H2O2
194	21	267.2992640484215	0	0.5	shSTN1_H2O2
195	21	265.7395863340439	0	0.0	shSTN1_H2O2
196	21	284.2636546920821	0	-0.5	shSTN1_H2O2
197	21	275.37513154699263	4	4.5	shSTN1_H2O2
198	22	270.0522802111056	0	0.0	shSTN1_H2O2
199	22	271.549816134222	0	0.5	shSTN1_H2O2
200	22	262.89839420207477	0	0.0	shSTN1_H2O2
201	22	274.4096693871905	0	0.0	shSTN1_H2O2
202	22	5688.780410987195	1	1.0	shSTN1_H2O2
203	22	276.81633453119895	0	0.5	shSTN1_H2O2
204	22	270.0893970893971	2	2.5	shSTN1_H2O2
205	22	4749.178017104847	5	4.5	shSTN1_H2O2
206	22	11529.598204006446	10	10.5	shSTN1_H2O2
207	22	2952.905394736842	13	13.0	shSTN1_H2O2
208	22	7334.514259159614	2	2.0	shSTN1_H2O2
209	23	279.9585107150588	0	0.5	shSTN1_H2O2
210	23	271.8926183561829	0	0.5	shSTN1_H2O2
211	23	263.4441995592066	1	1.0	shSTN1_H2O2
212	23	263.1114278631631	0	0.5	shSTN1_H2O2
213	23	270.2938453320672	0	0.5	shSTN1_H2O2
214	23	277.0029795866616	0	0.5	shSTN1_H2O2
215	23	5629.1083198755905	18	18.5	shSTN1_H2O2
216	23	2830.776819520404	20	20.0	shSTN1_H2O2
217	23	5418.418599932364	17	16.5	shSTN1_H2O2
218	23	276.6629462870188	0	0.5	shSTN1_H2O2
219	23	274.77491462278795	0	0.5	shSTN1_H2O2
220	23	345.0724133224133	18	18.5	shSTN1_H2O2
221	23	292.7846205282514	0	0.0	shSTN1_H2O2
222	24	283.66229081662823	0	0.0	shSTN1_H2O2
223	24	1203.036786973142	2	2.5	shSTN1_H2O2
224	24	280.5444735120994	0	0.0	shSTN1_H2O2
225	24	282.8287394558631	0	0.5	shSTN1_H2O2
226	24	2970.74862666385	0	0.5	shSTN1_H2O2
227	24	282.843741209564	0	0.0	shSTN1_H2O2
228	24	287.68799623200107	0	0.5	shSTN1_H2O2
229	24	2331.2654495707143	0	0.5	shSTN1_H2O2
230	24	293.89485389983895	0	0.5	shSTN1_H2O2
231	24	305.21172764096957	2	2.5	shSTN1_H2O2
232	24	15096.019397015181	4	4.0	shSTN1_H2O2
233	25	14071.71781294964	1	1.0	shSTN1_H2O2
234	25	10922.85628318584	3	3.0	shSTN1_H2O2
235	25	12239.36989944859	3	3.0	shSTN1_H2O2
236	25	2946.947048204854	11	11.0	shSTN1_H2O2
237	25	380.8814999610197	0	-0.5	shSTN1_H2O2
238	25	10519.148842414492	0	0.0	shSTN1_H2O2
239	25	288.8291567897054	0	0.5	shSTN1_H2O2
240	25	14533.314547013433	4	4.5	shSTN1_H2O2
241	25	286.47150680876257	0	0.5	shSTN1_H2O2
242	25	288.625567120363	0	0.5	shSTN1_H2O2
243	25	3265.168056968464	28	27.5	shSTN1_H2O2
244	25	272.97393967033685	0	0.0	shSTN1_H2O2
245	25	299.6709604519774	0	0.5	shSTN1_H2O2
246	25	286.1998551774077	1	1.0	shSTN1_H2O2
247	26	280.8255956357159	4	4.5	shSTN1
248	26	276.9218511242087	0	0.0	shSTN1
249	26	298.18438455521584	0	0.0	shSTN1
250	26	3352.483845715912	17	16.5	shSTN1
251	26	280.88062764031383	2	2.0	shSTN1
252	26	275.90784382694335	0	0.5	shSTN1
253	26	289.60146070213295	0	-0.5	shSTN1
254	26	274.9828994869846	0	-0.5	shSTN1
255	26	340.7001708870592	0	-0.5	shSTN1
256	26	303.43203117750767	0	0.0	shSTN1
257	26	8753.982291419063	21	21.5	shSTN1
258	26	1238.810361896381	16	16.5	shSTN1
259	26	310.5262974330357	1	1.0	shSTN1
260	27	5214.263949569342	12	12.0	shSTN1
261	27	458.60871893744644	0	0.0	shSTN1
262	27	7133.63787188572	26	26.5	shSTN1
263	27	17971.481117950425	4	4.0	shSTN1
264	27	543.4072917545784	0	0.0	shSTN1
265	27	335.5425824175824	0	0.5	shSTN1
266	27	377.4154106428791	0	0.0	shSTN1
267	27	453.93342311253264	0	0.0	shSTN1
268	27	20315.541778288047	18	17.5	shSTN1
269	27	343.8419394363732	0	-0.5	shSTN1
270	27	299.1437318723816	0	0.0	shSTN1
271	27	16695.91721622001	18	18.0	shSTN1
272	27	12813.99917774428	1	1.0	shSTN1
273	27	345.4917302798982	0	0.5	shSTN1
274	27	19077.455620910714	18	17.5	shSTN1
275	27	19441.12487073423	19	18.5	shSTN1
276	28	265.88560852293244	0	0.0	shSTN1
277	28	278.11252151463	0	0.5	shSTN1
278	28	286.94019026090234	0	-0.5	shSTN1
279	28	3419.0007595074053	17	17.0	shSTN1
280	28	270.46741672460655	0	0.0	shSTN1
281	28	267.6772498857926	7	7.0	shSTN1
282	28	272.7513491904857	0	-0.5	shSTN1
283	28	267.61627232286764	1	0.5	shSTN1
284	28	273.6442736088058	0	0.0	shSTN1
285	28	266.4229102956167	0	0.0	shSTN1
286	28	274.46055293324343	0	-0.5	shSTN1
287	28	274.4184392117806	0	0.5	shSTN1
288	28	276.5150574829586	2	1.5	shSTN1
289	29	349.7332538736591	7	7.0	shSTN1
290	29	358.3183074633213	0	0.5	shSTN1
291	29	15199.395702235908	12	12.0	shSTN1
292	29	4010.890826383624	16	16.0	shSTN1
293	29	15616.471506808763	24	24.0	shSTN1
294	29	20000.462167906484	42	42.5	shSTN1
295	29	10047.580858421481	21	21.5	shSTN1
296	29	17344.899946811653	42	41.5	shSTN1
297	30	17612.673686331804	5	4.5	shSTN1
298	30	271.8985703409187	0	0.5	shSTN1
299	30	286.0239592692423	0	0.0	shSTN1
300	30	15605.628375482213	2	2.0	shSTN1
301	30	266.91982154238366	0	0.5	shSTN1
302	30	275.2054823933581	0	-0.5	shSTN1
303	30	274.45743885506783	0	-0.5	shSTN1
304	30	280.5432608239491	0	0.0	shSTN1
305	30	272.1241078759553	0	0.0	shSTN1
306	30	278.3738238535221	0	-0.5	shSTN1
307	30	436.6465645081562	3	3.5	shSTN1
308	30	277.98257881014456	0	0.0	shSTN1
309	30	15068.811847441539	6	6.0	shSTN1
310	30	297.70628873310983	0	0.0	shSTN1
